1500000
3000
224 21697
866 94093
709 72956
229 20549
517 46261
1162 117714
392 34816
830 77738
1395 136781
1334 114008
1162 119254
90 7443
447 52644
218 20657
879 78426
304 30567
1164 120550
922 90046
1986 178287
1805 203775
266 23636
622 51539
268 29593
1183 115182
764 80371
1215 124467
289 28922
957 76970
727 71906
695 69682
482 45187
730 74564
1700 171763
1382 139453
2485 254900
670 72197
1852 168298
994 92604
1770 170646
715 84832
1079 111132
2634 263648
607 61096
2348 192210
785 76765
618 57198
617 56664
290 30850
666 65260
491 47168
415 45017
1323 102368
862 66892
1025 104090
514 49028
652 68071
1018 114606
1958 206214
440 45309
331 28109
1206 115560
1201 122813
725 74480
1113 122636
211 19483
1540 146889
653 67221
458 47681
183 16701
165 16623
1041 104907
965 100852
2039 187182
436 36582
2045 230324
477 28575
690 75236
1978 166284
1292 119609
1666 179084
1212 112293
469 45351
247 26451
841 80378
1004 104197
2264 247242
1050 99692
859 77362
948 93657
2567 262983
614 58096
1822 179857
244 26188
2139 205267
1669 169107
988 103653
1498 144462
2839 255562
1189 110815
2850 296689
834 94992
1457 156965
669 58427
2276 191567
1458 144099
299 27932
1316 140935
866 104614
202 20125
1423 149535
461 53329
2321 256697
2823 257874
603 64167
1569 154485
1524 121827
2019 193028
1805 193762
1180 121325
1169 125316
921 84186
506 49330
563 56418
2089 222280
1315 126397
891 69888
275 24021
1154 108522
448 46047
145 13884
649 59654
2358 217537
1425 145139
2635 232842
714 67871
303 34066
357 39007
725 74898
838 77737
1363 168075
572 66879
534 47013
1240 109130
2039 246690
1503 135589
491 49458
1325 136563
793 71060
964 101150
897 84864
923 93104
1307 141890
1172 109779
746 76731
325 27745
282 29002
575 55681
937 102380
517 52548
212 25141
1448 136191
1366 125157
393 44586
455 34891
155 15034
1469 131856
1285 131319
1554 142734
1203 120988
640 69173
1439 147316
765 73580
1129 131304
312 36693
1563 132555
480 59390
958 96924
429 44858
763 77746
605 66795
1047 105255
725 59988
2164 222077
273 27740
1708 181869
1938 217773
388 31191
699 73032
991 101841
656 74940
1553 167933
2135 201685
1289 136715
2533 230776
804 62963
375 36743
559 59093
887 96475
409 34957
503 57727
1066 104980
1833 164650
657 65392
1553 171333
467 45272
195 18647
978 104801
1521 158642
2173 249214
371 36266
1494 147485
279 31812
1400 142169
702 69442
2501 239686
1535 179351
1090 129250
225 23695
570 64723
1418 136110
1565 181410
2390 255133
1758 164123
1376 115342
700 71130
903 103053
670 79719
478 56712
496 48299
1166 113199
2242 250400
960 97948
1180 135576
765 85608
272 29690
347 37765
384 44302
374 41288
197 21748
2288 200242
416 41513
956 102659
934 91647
1400 148189
2370 233294
1110 109357
187 16370
2367 236767
1070 101269
1358 135765
713 62182
670 64751
1604 195354
1129 106231
1009 119567
1446 172441
1511 147599
751 62594
679 66697
1262 134787
911 88530
149 16490
558 55744
1065 136762
483 43387
1256 112935
250 25105
99 9473
1017 87193
854 88358
838 70595
1859 170624
729 74577
949 94898
77 6843
548 48556
353 33770
784 78196
530 61490
491 45165
808 61161
152 13421
644 49612
282 29225
55 6364
898 86778
1438 159966
314 33318
857 80306
403 39822
1464 141272
2879 327302
1611 164620
363 33115
1664 175993
965 105640
161 14608
384 41035
393 40968
337 31905
782 72170
308 36334
386 37869
656 61914
903 81900
374 41980
753 86000
564 57280
1559 176489
348 37631
4784 472009
1020 89987
523 45844
135 13322
299 25109
1439 116653
565 49691
1451 129875
562 55392
1438 149710
418 41264
40 3714
1294 142378
1972 220453
521 62428
39 4455
385 35703
1715 156469
1252 112965
1078 93841
739 66380
634 52009
730 68725
1201 129979
1382 122641
622 46857
247 25251
208 18681
588 49959
1480 158108
973 101231
797 63505
1596 138736
1874 188846
2208 237440
953 88671
793 76433
753 78294
1152 122536
1285 116040
371 36898
545 57417
483 48261
1604 150124
1121 106460
1282 127420
534 61521
1414 127783
2385 268032
291 31817
233 20158
1004 109644
74 7346
1273 114052
842 90400
248 21457
2277 244939
1881 184654
393 41498
634 60694
192 21654
75 6946
1045 114800
331 37736
1509 165108
171 17444
2417 223272
1234 150281
1642 163420
513 49638
566 55668
694 64347
801 81594
89 7873
374 31890
2589 256357
705 73358
542 58518
1516 149905
1020 106993
288 26016
614 60349
1365 144645
1033 85558
754 82217
948 102798
1483 147234
2847 274739
1830 202021
858 79467
1346 133856
620 60743
859 86158
1075 117537
1351 124791
528 48452
745 61218
373 32836
1642 134870
1257 133342
403 46226
950 96480
1691 189297
976 90312
1620 164783
569 58798
310 29316
1478 146120
575 55659
983 96700
651 59128
1923 175553
1535 136287
1745 190066
373 38524
1425 154203
4053 371967
858 81549
427 33481
757 75574
1967 190531
32 3097
482 45553
186 18862
334 35258
803 87749
1053 102845
935 92657
448 39247
1276 134140
2162 237970
648 71390
1076 110090
541 52516
377 39883
1130 102389
795 78838
403 42561
878 78294
2294 229581
570 54894
1174 122901
670 69197
1341 150896
2274 182385
1116 116075
1552 158827
639 62917
878 92895
1065 119580
1448 135222
434 35302
481 48214
1656 165681
1383 140692
1342 118439
612 66773
2217 193210
101 10054
296 28057
336 38064
1280 120613
1705 164860
321 31952
897 77789
1537 140075
2039 206317
1478 147094
1213 116454
547 60497
1420 142340
651 52646
432 46402
638 54807
961 99603
810 81473
135 14488
1086 101922
1046 87883
740 79947
204 23813
476 44884
1315 132423
2236 212801
795 76983
1166 103687
1608 184537
1601 153487
364 38010
344 35257
626 57476
317 36657
1054 108306
1081 111170
1160 112936
737 73361
254 25144
462 47307
1145 102424
657 64767
1403 144089
788 79119
928 95727
821 82366
655 70092
146 13726
429 45040
1088 127263
827 80508
449 50775
704 59952
1313 131785
53 5674
1954 192267
984 109008
2209 218071
1441 149669
944 81543
874 70474
759 75327
539 51251
598 60402
2220 216987
461 46133
523 55094
871 99943
1468 153220
332 34116
1462 161481
497 52937
257 26454
612 64226
400 39982
2141 213332
236 23655
413 38209
1597 197344
198 16452
888 89477
628 51858
673 62997
1985 219869
810 84124
191 18682
376 35688
1828 198527
310 31640
1523 134278
587 55661
1494 129432
785 92300
1091 110305
420 47487
2557 258547
1578 146385
1413 145057
1143 119603
1143 125491
2141 176714
1502 142970
647 63913
1148 97681
416 40517
1280 113831
1462 140116
127 12210
699 54431
960 99573
445 42577
890 95407
482 51443
2840 309350
304 29040
138 15106
220 21751
585 56081
563 59232
892 91951
541 60475
206 19105
592 72141
1570 139644
472 45192
458 43775
867 81017
293 29356
109 11373
2890 287738
259 23286
743 79895
1365 162087
655 65867
1659 151954
224 20480
354 29743
547 59377
746 76585
831 79549
2218 216784
464 42823
805 85627
849 88894
1553 113486
343 34208
3278 297765
504 45189
2046 183674
1344 137030
501 45544
1997 185283
412 32772
3079 319604
1228 117461
1243 135249
546 52830
430 49249
2435 249515
1959 193580
518 57954
615 65428
841 77410
986 111268
1749 183538
2287 196818
168 18375
334 34923
1701 156886
2061 246432
992 98788
885 82488
3429 339111
146 12024
1096 117950
751 80691
1066 118018
875 88732
756 74952
1289 116321
548 50814
972 113089
1256 107922
1196 113481
887 80463
1994 205339
552 49843
1932 181636
408 36595
251 24246
1317 139206
1365 166042
513 56365
119 13201
797 82926
1512 147711
600 59321
2612 243340
1312 146950
665 55437
1449 139526
1036 88343
1255 142387
796 81857
323 38945
385 40554
1172 118188
282 22193
1297 124765
261 26885
875 97276
257 28155
575 53848
2907 275199
1576 152993
657 63855
908 90976
1569 138298
1410 152619
95 9766
1134 115693
1023 109624
2291 273665
1837 195429
515 54144
442 42241
803 72565
314 33427
822 93353
234 24163
663 62285
990 96324
1734 144883
973 93244
3111 288825
738 72486
824 87673
1065 94932
2588 212655
967 102822
297 27783
657 67818
288 29039
1096 118148
615 59623
2437 258014
342 31953
850 83603
614 63648
197 15373
180 22450
324 33974
1430 152535
1356 145399
539 58417
2653 254856
764 78344
809 72078
481 53874
961 97481
665 72072
563 61739
968 97796
1544 179815
894 87108
763 62844
648 56260
1088 117036
1210 126685
202 19748
1714 176856
1349 118948
1272 101982
450 45930
238 20725
773 71551
1889 226055
409 38434
892 100484
558 53342
1338 139160
546 49942
945 100012
2365 284888
1494 157611
1391 129882
345 34742
851 94124
562 47747
714 65333
40 3603
733 77276
620 61214
2630 255994
277 29147
1291 139441
1476 123529
1342 138592
893 84408
1542 148545
626 65981
1261 129676
147 14947
1230 130119
710 64366
2489 242751
754 77386
150 14328
2074 223303
1464 131432
1481 161833
411 40224
275 26403
271 21199
724 68033
602 71499
329 32350
859 92655
1810 175198
371 37530
2108 195501
951 101937
1600 158534
375 37695
884 86039
160 13962
996 101813
928 121263
915 90442
589 77013
755 69124
1193 129446
391 40434
63 7625
678 63430
397 38330
1493 138617
1246 116973
369 38013
642 69668
1057 117502
221 24401
871 74674
1495 149023
1315 121128
479 45141
901 94516
93 9032
1656 172283
948 82497
468 49755
853 77759
977 93072
354 34576
477 41188
2467 237901
4459 430220
936 83142
199 21444
2018 195353
698 69587
1495 147540
1138 100763
44 4715
2725 257491
1585 154283
1215 121549
355 37770
513 49932
463 38776
2165 227333
744 72025
100 8610
3369 384008
1704 187934
830 82661
1334 105035
870 86790
4185 431008
624 51202
634 61024
478 58051
1018 91580
362 31394
346 32697
434 40254
725 80654
2389 225285
192 20455
356 30343
705 72174
3060 338740
994 119953
1559 181759
2287 264203
1975 202674
800 91857
1452 165296
3658 343778
596 67984
460 41422
934 105462
1559 153596
2376 242570
114 11432
81 6714
1268 107468
635 72504
150 12925
3548 335421
1205 121239
1255 107901
741 77116
885 96800
619 67454
1187 112235
509 46960
982 114111
1666 191060
771 76163
988 100243
787 73683
325 34599
1677 172793
1383 121903
138 15201
753 79950
750 74869
630 55739
1204 115154
607 60542
649 67861
573 58256
1829 178245
3322 315932
4133 381880
2168 203543
1307 107129
281 26992
592 56719
1599 165247
250 16435
1163 107750
1907 193742
705 56167
1905 205048
947 85037
717 58771
1681 160552
140 14099
969 99784
1095 103368
1272 129301
2948 245194
569 56191
2488 237849
847 77404
922 103890
892 85452
1276 124950
828 76082
685 65919
493 48817
229 21523
724 72831
98 10412
655 60675
376 34812
1366 145417
787 74010
756 75115
1742 172243
707 76550
1296 130148
882 77160
658 70606
1051 92481
1311 131399
1214 101541
681 76036
873 81615
2186 201754
441 43256
1342 142307
293 32999
370 37460
1018 121425
881 99702
1310 125720
245 26476
1667 173595
332 28780
1187 134821
657 73085
1882 188260
921 75411
1264 99417
1817 167490
441 46404
37 3841
2293 236248
397 33352
1526 138620
1556 152806
287 30214
744 67565
1362 136416
507 52207
1028 86542
90 7715
902 89933
322 26445
992 100925
281 33451
141 10398
1393 149299
1000 90233
656 62083
1225 115397
273 26808
352 35598
642 57613
529 52979
1692 156985
986 113281
852 92417
712 77068
1176 120497
833 85355
2478 250106
147 15001
2062 220854
1759 171895
1484 153265
147 11691
494 55228
362 29349
535 52393
953 90117
482 41696
191 20101
1043 98444
477 46707
457 46697
434 47400
1130 103879
1358 140191
411 39788
1363 123594
2554 237572
703 65539
345 33264
606 60691
146 13660
2109 206146
959 94515
2152 204659
1127 123113
162 14802
659 67148
553 50684
545 52837
2143 220890
990 122692
857 94106
1509 138271
497 59633
950 93762
299 27423
405 39949
478 59220
84 8131
244 25165
293 33940
1451 159961
756 69972
377 42689
1273 120355
1066 93717
1698 168142
1206 130815
1148 124823
669 73950
297 32792
695 67088
891 85539
1359 148273
1110 134577
96 8928
632 65701
308 28020
320 29210
376 40247
405 35070
797 87019
757 75035
397 43055
569 61500
351 28537
2500 199463
424 41735
1695 174420
311 32435
788 80036
723 72531
472 47824
261 21538
367 36094
300 27800
660 70599
566 59814
507 59214
901 92968
781 91566
742 72880
592 57347
558 52522
646 65402
2111 249167
809 86559
712 83263
79 8544
1241 117011
403 34914
628 73657
824 74527
1103 102754
3740 433802
1845 185253
198 16013
549 61350
872 70605
1059 103504
1314 143733
391 40649
148 16431
820 77830
435 40039
630 59327
493 52206
799 76405
624 66897
248 27233
479 48136
223 23021
1756 181649
1148 112285
1190 119843
1862 201178
613 65063
278 30899
1171 110368
1980 193770
709 72099
1524 145544
3702 373095
823 86088
170 15496
638 69918
347 39097
1523 157265
1338 162012
801 83135
2713 271763
838 83182
356 34814
1840 143024
87 8677
1520 132196
893 93519
2565 279275
949 84454
1637 144329
1471 160833
450 59054
589 44047
1285 133943
620 57288
1174 114773
546 52436
1014 111980
20 2097
803 80990
1010 116499
1420 138955
1517 164613
1125 117872
1310 127967
790 90130
1509 161718
1504 152971
441 48125
1388 109250
203 21197
2217 171672
442 46105
119 11067
1722 190094
2075 228605
2508 218780
651 71287
190 21170
1070 116240
539 57200
382 35800
1011 101502
3351 341818
711 48288
1851 190288
329 36073
246 22587
2509 211834
414 39444
1055 107738
247 26593
1244 140838
1032 107085
510 55844
1263 151937
762 84492
780 64235
870 76911
138 14658
302 29612
2746 233425
557 54406
3538 357787
878 97608
909 104173
852 88827
325 36728
105 12406
1136 112461
211 24657
207 24340
1023 98370
2639 275835
1813 160477
1306 136614
610 63738
338 32905
461 51056
565 62593
2666 278292
922 104962
764 68165
3893 318582
976 94068
266 26526
665 67927
520 49191
2495 273004
1387 149117
991 91414
2227 215126
2279 241131
561 62761
1719 175511
431 43759
2580 286264
2070 225399
185 13756
768 72009
1308 128070
1276 105251
1174 112644
788 83118
256 20940
230 24240
367 32796
481 39470
2443 260667
260 21116
174 15114
1457 182385
626 62113
718 74536
1879 207302
734 85579
1410 135449
1545 168384
252 27722
2009 206312
622 63470
3227 341907
287 35872
1412 139901
444 46187
2030 201193
696 69334
470 56667
1653 175872
3456 351482
1013 95171
2257 219967
849 82934
328 26992
2067 194324
1149 98024
639 60340
1537 165954
573 58395
2080 246368
1599 189632
1946 154031
638 66987
969 98624
2151 212715
1851 168638
808 82451
410 40781
1042 97240
1418 135492
674 62147
1027 118764
875 87461
853 77815
490 45434
351 39854
1195 111852
570 58856
144 16181
2719 283815
720 79402
1436 154238
176 17918
677 79151
3320 368045
614 59990
228 22210
4126 356971
371 28991
1067 108684
1593 169960
1027 104202
2057 174456
624 65734
468 46929
1477 136246
2571 241590
1556 158203
2306 174436
1815 198971
399 38382
378 37236
677 65331
1336 148824
1325 129627
1617 146914
378 32243
1403 122392
1162 113213
656 70012
2421 274886
106 10392
1671 176575
1379 101415
175 18220
610 66019
1325 142229
1322 135702
1121 111589
808 78393
1077 128427
228 24120
878 105439
1072 97932
2530 221899
1877 169020
562 52663
497 47442
1141 110681
2155 247201
1156 121380
197 22809
2694 317018
1058 108702
935 92621
1032 93453
453 32623
977 89855
1375 132810
739 66267
1596 158044
387 30847
111 10179
537 52477
1855 176149
506 50576
557 50893
1918 176103
691 67588
1889 213120
933 105862
1392 148807
336 35050
839 87816
498 53611
648 67927
40 3450
1521 178864
191 17135
1528 154416
1286 121958
1998 189795
437 47566
291 30927
886 82309
1184 132538
444 38348
420 38144
1223 132767
661 77024
1471 166172
2301 239495
423 42481
1980 213213
2112 230206
788 73342
228 19935
509 51527
269 22555
1557 155262
280 30402
236 25377
588 68474
1526 134068
700 59854
1832 167348
842 85589
1349 110998
614 57194
1091 86333
468 51408
1477 146614
430 48964
531 44931
1960 224217
691 56378
1250 143054
878 92165
1362 135704
390 38344
230 25308
881 79555
195 19163
2145 231690
840 88409
473 51735
1495 170411
719 74612
239 22226
670 70636
1561 150401
1188 128395
1702 172281
1194 122016
750 77501
1788 180640
485 47263
533 51624
434 47598
2010 180748
1151 122170
683 70824
997 105037
1047 80583
1795 163321
1042 106209
1332 122405
710 72834
842 82290
577 70415
2148 272640
754 80529
912 83823
205 18067
1986 221263
842 81811
1107 112289
367 37395
237 27931
439 42046
286 29182
2695 270830
1283 139280
560 55114
2492 292067
686 75035
502 51510
685 61237
720 81462
363 32949
336 33720
925 91730
214 21376
446 45297
1605 162891
393 33723
1037 112219
2507 225123
975 85133
1042 112468
1267 116685
2586 271975
907 92795
867 76538
589 52810
2863 234686
547 45116
898 92855
2523 238272
1599 183449
1798 151190
611 61098
213 22359
640 59939
1027 105930
303 29867
311 27741
700 56808
181 19093
473 41612
684 84773
983 87071
580 58062
629 75382
733 72266
1257 127054
129 14252
2076 207418
804 72088
1194 99875
1559 157320
807 82689
402 35641
1515 151652
288 32421
721 79614
1545 152593
1823 174158
623 63680
553 60056
1429 160639
345 33698
675 67836
1247 128808
1021 100043
737 63017
1765 198429
2821 290680
1594 162601
524 53355
657 63304
249 22547
529 55062
359 37092
1084 96547
719 73557
2110 234311
1088 80455
256 28554
761 75285
1434 143850
1097 107603
1015 104931
1066 119873
1290 125586
1145 104753
1965 191799
793 72298
261 29263
381 37543
709 60753
1108 114397
1172 125458
1386 145089
1445 144878
1625 154141
414 47078
445 41003
4477 464114
1693 190552
788 60453
3211 321210
810 81786
590 55649
566 55891
803 66710
884 92231
1198 116104
749 69131
562 56841
2801 287962
704 61283
875 79845
2790 285916
264 24456
456 44263
252 21461
594 58221
804 76331
962 117545
2225 203602
1805 180876
1650 179063
700 61477
582 55527
784 76813
292 24413
1049 105283
2530 290329
306 34878
743 54416
1112 122817
695 74599
805 71820
1686 167408
324 33252
2002 235058
228 18654
854 83936
1931 210659
1308 134125
1721 174705
2165 189026
1562 154523
197 15705
741 84947
1988 208832
507 49780
1813 190038
567 55990
2684 297059
109 11310
1867 168648
1713 159038
1786 190233
136 14066
343 38339
73 6701
445 37885
382 45149
1197 118479
2153 200406
1387 109921
1002 109856
374 40638
276 30350
1033 108048
303 33121
972 113229
977 113471
1661 159145
1419 147160
428 42610
1081 105873
357 37006
858 86205
474 49299
2099 187908
936 102347
333 30765
827 76321
106 9352
1581 139600
369 44442
865 87663
2706 270650
438 46299
1659 170869
1295 132067
1129 102695
1806 187841
707 75247
1028 101230
669 62076
190 17233
655 74498
519 47231
683 74740
436 44006
1327 133918
851 96094
365 31067
464 53346
1472 152936
824 98042
200 20469
1759 181739
412 51526
545 58747
1386 143219
609 65317
2395 232193
855 89455
811 84661
829 76826
849 83469
555 46052
1344 142605
790 71714
606 55339
1066 110145
570 46625
144 13745
873 94163
844 74839
116 11795
720 77801
169 16620
1863 176963
582 72427
701 69463
448 49351
960 85924
408 42303
142 15777
513 61829
921 94351
575 63091
1386 125275
1541 193007
2605 282755
1302 119600
583 56505
1053 100619
1736 171972
1263 103603
817 84942
430 48715
1836 154627
1776 168598
500 52006
1145 127942
620 63735
1418 144666
2215 200361
1268 136915
1591 146578
476 45780
1056 85345
613 55717
256 31072
451 44562
536 58681
1610 164513
2167 234862
2392 228714
1574 173868
79 8798
983 94108
874 79958
553 63322
1475 149180
267 29329
468 39991
307 28048
438 37935
1118 110033
1955 200847
1553 130096
971 98044
1472 153770
369 42776
743 59415
1404 169252
874 76218
809 91662
27 2719
469 42418
320 34665
2158 225883
34 3337
1748 193239
705 60569
327 34698
315 31093
930 81554
1910 175981
1044 105576
295 29125
1240 129476
919 100510
731 70486
67 7242
1479 126267
860 76330
420 47782
788 73448
654 67356
1671 181722
883 83229
550 61028
1007 97417
220 21451
434 47605
2350 201103
1060 124133
382 40779
114 10355
660 79462
1227 99946
858 90248
1604 159451
922 93111
358 44129
1329 123310
809 96907
928 88328
237 19918
1697 176703
720 68005
564 57486
1502 189332
1972 216714
229 24786
1217 144589
1391 124385
143 12153
251 26789
1075 77829
635 68332
1039 102096
1022 71618
1033 113722
1428 147273
704 62310
698 62099
1536 150079
483 55177
190 19977
1197 153381
568 51139
1399 134214
558 60629
1272 148868
1798 204657
329 34143
1244 110618
787 79032
584 64305
164 16564
554 66127
1519 132918
914 93845
106 10193
293 25980
1010 100240
256 24241
602 63328
686 64890
338 31371
771 78066
459 48489
1585 136581
223 22739
3403 384845
1317 150315
1351 158560
2738 263437
922 105194
492 45878
1059 98654
1614 168498
895 93646
1132 126675
1920 194666
3588 380099
342 25900
1668 191599
542 55057
3621 387875
505 48054
113 10758
981 103960
516 45787
171 18602
377 45770
1098 105460
419 34691
897 100112
1183 137860
1132 129812
525 48414
2920 283534
1483 154205
1626 129597
915 101740
414 39646
415 46600
1100 122820
960 90116
1009 81873
1827 174581
350 39410
1310 122886
583 56955
313 35521
454 49967
1705 158985
497 55538
994 100214
237 20105
915 99461
521 57704
1635 137516
532 56214
2103 222155
657 80100
622 67603
923 84681
1240 138005
1587 174888
959 104963
1245 122569
296 33692
577 49695
199 20135
1366 143819
412 36793
576 64114
773 75993
1334 125163
1628 146850
192 18938
854 69202
1046 98633
91 8822
479 47152
185 18485
1084 112043
1074 106171
1591 162712
1481 140283
755 91832
590 61477
1478 150353
794 90665
839 85951
593 64811
469 45486
138 12785
321 24968
799 73107
618 63183
865 85950
1315 138858
1061 93912
696 64882
705 70699
357 37768
538 62755
930 79446
707 67005
714 74417
2067 232568
566 52454
2221 212404
262 28812
369 32716
549 47111
252 24304
552 57065
266 22458
872 89580
1711 170217
327 36085
86 7628
2754 266369
427 36882
458 54380
1561 168949
2398 258468
1848 193492
823 73449
531 45877
2351 257270
754 54564
1937 182837
1116 101850
380 40870
1606 118580
815 77850
776 72025
1161 120695
906 104326
920 83910
2158 215735
325 33067
525 55490
141 13938
686 59669
595 52909
1331 148068
468 49772
863 73305
2111 221712
374 38695
3951 402550
1415 112563
885 83694
1127 101504
655 66047
301 32413
272 26273
2100 210233
1098 128641
1788 168470
839 87555
1607 158778
2003 165751
706 67023
787 75786
1281 138913
1701 187508
1270 129773
367 36534
627 67172
1321 122913
737 85252
1079 111191
691 80682
741 84034
3103 298742
513 43317
945 107091
398 32283
1356 139645
500 43873
1556 151598
723 75785
206 21052
1224 114414
913 90219
1023 96955
257 25417
450 36678
1012 111679
868 82118
2174 196814
323 28520
139 12900
542 57509
1489 144796
1189 98065
1066 90449
744 74385
366 33657
414 37199
634 67371
1711 168236
602 77176
533 58565
907 85545
788 79632
2881 303009
896 74182
345 32028
268 29263
660 68724
2018 207287
2602 262519
449 44368
2279 257800
586 61318
717 83195
2029 182100
926 75220
1010 99547
1040 106859
647 67433
697 90153
2377 271580
658 69941
1305 141360
2563 292679
1216 94234
873 95644
543 57113
375 43270
733 77147
1110 112014
1598 160759
901 91995
1073 105566
1413 150905
518 65727
1427 134951
2633 270755
1776 184553
236 24152
1813 186378
334 25691
1039 98376
467 45147
259 27001
824 81131
568 58547
2246 232191
276 27530
534 46674
1163 122791
1145 125673
544 63657
975 105475
81 7626
897 74522
514 50129
836 77815
2393 242995
801 87435
362 43166
605 56901
2069 200606
188 18242
314 35174
1433 111069
1696 199644
1363 124753
1985 190257
417 43902
450 39794
835 88321
1126 115809
1194 125059
1066 117508
215 20011
2840 275808
1465 148703
215 23366
938 96052
2981 312021
462 38639
661 72237
1073 117007
944 104359
383 35008
277 28174
2421 252040
569 55870
1238 131223
171 19706
491 48037
569 61493
774 77616
1272 131021
891 107329
2273 215923
441 45518
630 58130
176 18058
845 68910
1720 180259
720 74984
682 69467
680 69237
763 75963
1902 193001
732 66630
499 46296
609 58797
455 50302
847 77704
1281 138808
408 43741
668 55881
951 91240
83 8960
312 27511
1610 150128
685 62847
683 64678
890 82051
378 40672
375 33780
1261 136774
2710 262919
1654 172031
855 97612
1922 183709
1062 95262
448 49155
711 60950
1156 121234
737 74725
340 34525
748 66456
1273 120501
601 65708
1655 174259
411 38150
890 90197
582 56384
307 32213
840 80997
657 66353
657 66938
338 29703
832 96102
1567 144737
183 19933
517 55593
1286 130155
849 68236
1912 224923
875 75072
521 57364
1079 105073
1736 121969
1205 104006
1199 130477
914 97063
395 41615
1568 135221
789 69553
440 49689
575 59784
499 42366
1217 117322
1179 134540
1086 112632
1772 185791
1198 106095
807 90222
879 96911
874 104012
993 88015
751 72898
567 59511
302 27846
140 13296
394 45153
48 4569
916 89308
1580 169624
48 5073
746 67497
1373 127566
542 47621
131 11183
386 40198
432 42436
691 82556
1818 171658
883 87374
772 69905
548 55313
984 86238
1737 176622
1897 184023
1069 101869
1241 122776
2506 239873
1080 117753
225 22652
388 40446
912 89084
1341 137967
747 70441
837 77231
278 27908
289 26456
2711 264408
857 105863
470 46168
1346 132856
1688 165524
1042 106019
528 53526
1604 144127
986 91839
2087 255234
1530 179325
64 6914
616 67472
213 23365
779 65531
745 82252
1429 143855
1552 126444
1503 157046
882 93005
628 76868
2613 260621
900 86463
1196 116238
2340 232309
724 68894
201 19122
969 89179
203 20056
1428 141889
2784 287173
1320 138956
1401 132977
851 79110
375 40589
823 88090
336 30736
692 73341
445 43149
1149 129088
289 33220
819 74382
419 42124
156 13690
478 50477
794 80498
1236 132027
1401 154410
650 72985
1045 105241
396 45998
746 79827
351 35071
3228 364210
468 54019
189 19438
681 71081
148 13827
2201 235070
1350 147343
786 66599
1733 157876
1248 144051
401 43182
1566 140010
2651 181731
1015 98701
2181 242152
397 42691
310 27014
322 37522
1489 147888
1577 153549
2108 217272
1808 184030
920 77870
102 9420
498 53441
448 42987
214 24819
198 21703
1823 141928
2321 188658
1105 103366
666 63922
1490 141612
1337 159886
2085 180422
142 15808
1405 155203
1691 178772
998 106471
2701 306236
314 33708
1105 123874
1575 154167
180 21349
447 53260
569 54572
443 46830
1614 145195
550 64257
2472 222452
334 28133
861 83551
914 89345
2791 258671
2205 212792
1483 134159
531 52958
310 29864
1208 121618
446 39821
1705 189815
1488 141657
635 69736
246 26217
742 82863
794 90079
190 19350
602 64528
2495 222538
1832 187821
979 82005
468 43681
1689 169115
2899 312012
473 45597
254 25342
256 27467
718 64262
361 32552
570 69900
177 16757
1154 105526
810 82752
1288 136836
371 37756
452 44398
490 54452
624 66106
1822 207783
523 57046
258 23770
2328 212464
525 54668
490 53835
310 32303
2106 183507
375 38109
253 25387
1252 134238
626 69173
1291 152075
262 23948
168 17020
1297 105542
1509 137956
850 80437
978 93675
710 72466
1117 113183
689 79921
1336 116799
193 16804
1451 156297
1520 132124
451 40874
783 77695
846 91500
1141 106925
176 18076
842 78528
292 29625
336 34747
1048 99044
1459 139965
386 41520
614 59598
898 69302
416 34387
701 72664
1249 134397
1306 128529
435 45441
2702 286940
88 9086
1863 174852
607 43822
1879 199997
1365 119411
235 22844
199 18378
698 59180
1112 86977
2641 284990
594 63780
356 32453
468 48319
1628 163106
366 36279
1362 137395
1986 197933
757 74010
1347 120832
2442 260521
2892 298465
2292 201137
1163 112212
723 59072
1755 205572
1253 156347
780 86801
2143 216739
1646 190837
848 88988
3200 378136
380 28580
998 100557
1225 109582
2939 274209
1748 193083
592 66981
646 66096
2543 226710
1304 113252
638 59652
970 107017
2620 296311
225 26720
965 94871
387 42272
514 46381
3138 331791
2250 237450
175 16148
205 21267
1022 115791
968 91708
1339 148486
1740 178913
1333 113277
308 29773
1490 162462
1219 127539
1112 116900
327 32481
1211 117656
949 80783
1522 170808
2655 283363
548 64098
514 54099
436 40269
426 44184
1341 139298
1703 166220
2624 258394
962 102433
840 92736
1438 131052
184 18093
1764 151069
584 60355
1103 115416
961 84352
1047 106243
1001 119979
993 105044
694 63566
971 95579
1694 178955
950 100344
692 54313
165 16362
467 53722
613 62922
1923 187668
1000 116550
619 48937
1364 96664
1715 148965
815 87049
805 79944
853 67327
901 84656
1443 142791
447 42487
714 71312
38 3550
1285 126192
781 84554
3517 350004
1609 172365
1310 133588
537 49663
1471 163385
1598 160134
1604 149210
977 103601
816 92703
690 69132
169 19070
477 38618
601 58526
1700 135644
176 18075
1709 157485
859 100844
713 64361
163 15736
1702 177627
2132 196313
573 57651
740 78187
231 22655
684 67693
789 78165
1748 170961
536 42346
427 40461
338 31408
715 74101
1259 144857
299 27194
992 89623
1427 157878
227 21547
550 57826
338 28198
2298 186240
471 51614
1441 144182
1321 137866
1014 99175
546 61561
1088 126699
1044 104916
1209 145886
1132 122862
519 53266
581 58670
1242 141501
2089 222300
1629 173684
195 20579
2697 251219
3660 413797
1439 165528
2044 203901
495 39990
354 36091
1795 186179
373 36043
2363 225274
624 64253
664 59497
1152 124298
310 30793
720 73364
1046 122831
484 51340
2706 275040
285 29658
3290 299882
248 23856
190 17616
1718 161153
218 25487
811 73145
503 52799
1337 135031
313 30479
511 53946
2598 281039
52 5332
549 46972
78 6656
686 82711
767 73951
1214 104635
1170 120281
555 57980
744 89346
2574 265024
913 88402
709 72246
313 36852
713 72502
1166 128072
587 54392
1075 97400
346 37442
1144 108295
540 47595
834 93860
2648 257676
669 56449
234 23858
615 70315
2745 293051
1663 158997
848 86568
426 40913
1268 143967
1007 96684
475 44363
1286 123549
1738 194728
554 61153
1709 179516
915 85489
1058 95592
175 14763
622 76562
772 88723
1431 146319
1438 169081
557 50078
311 28975
517 55878
1705 156594
113 9846
709 74777
851 77486
792 77574
388 39262
474 52376
2403 201171
1476 135050
282 23902
1984 183623
679 74077
652 58898
2591 309325
1537 115044
739 71217
580 55773
274 31734
582 56928
829 78850
756 65428
1453 149977
740 78117
1784 158279
945 92189
1281 124260
1436 159306
850 78813
1056 98744
1104 106869
228 23111
1152 106730
1055 121370
1290 126934
1100 85023
2377 266325
1915 162445
828 98012
299 29555
337 36636
481 40080
408 37367
1240 130574
2697 276978
1636 166299
498 49490
825 89853
509 50921
1613 135510
1228 135306
403 39130
537 59839
1647 160524
534 57456
435 53800
217 24347
1957 197380
1166 117556
790 90908
360 30328
2118 221143
1721 157394
560 50461
460 40195
2823 221377
513 49358
1062 100225
496 44498
133 12103
1071 119920
1071 118218
2612 265290
97 9556
1027 94807
595 50974
274 29915
349 33887
822 71623
2338 234638
927 97242
322 33527
1913 202709
767 85461
505 56963
384 34210
900 94098
134 13394
808 81624
1660 158175
1769 157472
666 68087
352 39248
2314 236861
860 83893
373 31686
589 49742
1360 112261
1694 155904
826 80178
1669 148358
1057 114808
150 15134
165 14692
1221 114815
717 79971
2099 194173
738 75224
725 78236
862 85614
265 25047
1031 99032
1225 105795
585 59425
257 25494
701 71372
845 87291
448 41900
608 58329
462 46813
1494 116888
2053 164725
606 63366
537 56778
427 42864
434 46208
1170 113945
152 14958
140 14639
1034 123765
1412 144666
712 82393
1375 127219
1437 145012
777 77353
4119 410667
410 44887
64 5865
883 84045
1177 110359
1057 102027
221 19241
394 39874
384 37581
2176 236709
363 38820
752 69394
859 87584
1187 118993
215 24972
450 51577
717 73871
521 54133
226 22439
968 93595
888 98600
428 38139
912 87536
178 15733
1469 161518
356 32109
2701 251703
361 31786
574 58770
277 27354
1172 103753
2925 314889
1558 163179
1028 98962
2036 194273
2827 335888
925 112617
1081 118320
1690 155365
1131 108159
762 66946
187 22206
32 2443
1198 108770
1489 145701
653 69087
947 90729
1342 131672
1032 101533
1288 127902
1026 98871
454 47001
2454 237065
1040 102114
381 37882
544 52912
1130 105596
330 28500
277 26498
999 111258
1271 118539
493 47520
902 70373
1405 144010
479 45454
432 39609
507 58134
1369 150917
2538 243344
338 36356
76 7259
879 88562
765 84713
97 8771
980 105180
845 83417
3450 324479
333 34166
1157 120131
1222 136103
516 59712
443 41098
369 36441
647 62058
989 100330
535 57062
1465 157796
484 54914
2263 204314
983 98154
857 69772
637 65812
464 51535
962 104333
481 46094
849 69968
198 22135
809 79405
588 56324
115 11095
813 78581
2073 194993
373 38507
375 31697
718 77372
1015 104104
1458 139070
438 46733
573 50050
474 48744
1286 147958
679 77873
600 54771
1020 108693
779 77598
1102 109665
722 57815
488 46832
524 52217
1562 146408
217 21461
1023 103339
1872 209865
1287 140977
1269 146391
73 7123
1072 108343
354 41353
509 46792
896 89967
830 84532
1139 113620
1541 153875
1544 150986
252 25936
1078 108873
932 84498
1812 198321
791 78282
1753 157470
361 37342
1852 184388
648 62012
806 77967
221 23331
683 60701
2195 243489
847 91782
856 103983
664 68832
1394 127332
881 84795
1035 109951
856 79427
1329 121254
520 52996
432 42632
1737 170224
625 61488
572 57372
923 85092
111 11664
96 10113
1752 165495
425 41148
367 40136
1283 124628
961 91384
829 79849
210 20877
110 11359
1665 144080
8 740
834 96133
1216 110618
770 67404
396 36156
992 95950
295 23485
607 56292
607 63789
1887 186152
1499 155223
1779 198740
738 67387
881 99234
367 31802
916 77840
357 29503
1023 102693
1534 141523
2828 284604
128 13033
755 70716
635 62355
1077 100559
2205 189904
822 69096
496 50754
712 77346
468 43499
1807 184965
860 82930
1794 181655
705 65538
1153 103187
1072 110109
170 16297
466 53186
1001 89603
676 74699
187 20780
306 31871
503 52838
