400000
100
5995 215820
9382 1660614
9225 1263825
9640 3296880
6487 1089816
817 149511
5004 360288
9141 3382170
8880 3383280
8841 167979
8406 2278026
2542 111848
1428 257040
9127 4262309
9537 1897863
975 85800
7260 1168860
8387 2558035
6163 591648
3720 1283400
3747 655725
6779 481309
4005 564705
7846 3899462
1153 479648
9924 1657308
7506 3182544
2601 920754
1866 774390
9264 1009776
5749 960083
9052 4091504
2215 343325
9466 2413830
9578 3189474
5868 2716884
7816 1109872
3159 991926
495 168300
8685 2284155
8062 3240924
1174 11740
3171 383691
8573 2040374
3283 285621
1908 305280
8674 303590
9927 3216348
1305 640755
1948 578556
583 215710
5113 741385
5450 528650
998 75848
8705 2428695
3938 1181400
1293 121542
9245 194145
6634 2700038
7694 2185096
3214 1433444
2997 950049
9227 1531682
6028 2164052
8650 3442700
3012 316260
8505 1182195
9699 4500336
4103 1210385
9089 2908480
2065 39235
5736 2323080
6464 2268864
4111 369990
1826 250162
839 380067
6580 1151500
6920 1328640
5672 1054992
2591 147687
6882 48174
9792 2927808
4527 516078
3630 602580
2685 1119645
1235 319865
6333 1830237
7323 3654177
6860 953540
3335 196765
8518 4020496
2228 474564
1600 408000
8018 1306934
1942 335966
8598 1900158
2353 687076
5563 1368498
627 312873
1130 560480
