1200000
300
7130 777185
6185 598221
898 87503
7469 785936
6639 648694
2046 193435
6658 714396
6514 624363
5041 455703
8594 823812
3150 291083
2867 294652
612 57957
4189 460321
7559 850556
5557 583253
8834 770159
9916 857164
2151 225670
6307 614809
5615 639543
194 21769
6606 601271
3940 420899
5758 702392
323 35898
5357 439394
6153 570589
4289 378621
9697 791537
3943 339287
8668 868844
8199 696475
78 7323
3748 377384
8254 797936
27 2737
9634 968053
2529 268590
7401 778720
6453 747335
4900 471402
2061 224211
1500 169425
3509 384253
4731 429328
4519 548018
492 55492
1678 154109
5111 546878
3694 334156
7586 698803
5995 596637
7947 863036
3567 392093
2654 243731
3905 405267
6169 678438
5490 598620
8499 808534
4858 441428
4080 439685
2645 266227
605 57060
4882 459581
5634 581395
2500 223610
9839 895095
5389 551025
1822 168643
5251 526083
8298 820047
8413 789997
4524 500250
2875 267407
7790 748899
4145 402489
3310 307761
3032 290666
867 95944
9231 1068471
9023 817417
8124 833403
4096 406804
4769 599632
5893 547205
5995 536996
3864 367254
6184 667919
7713 752524
7691 906104
48 4933
3682 354551
7837 774590
2593 275065
6985 667751
6050 586178
9835 1091416
6362 547250
2675 214350
7262 555245
2713 283357
7565 763428
9698 939641
7563 859182
3485 339712
265 25965
6468 631673
4114 435632
3390 279336
3487 351147
1099 106085
2266 229268
3087 271939
5486 622395
3172 280522
6715 686985
8230 808924
5517 621522
9990 880884
8510 829128
1415 147061
2255 243940
3394 353438
7870 740301
7738 693639
1298 117475
6414 643919
3712 352187
2922 256672
970 98568
6212 691511
5543 505814
1944 218859
7727 863798
9326 925702
9902 993002
3742 402198
7545 600840
3669 359667
3718 330134
5105 506201
1134 117357
6409 700123
8907 958142
5284 466043
325 37243
2008 184409
4547 421743
4299 287143
5348 518865
2693 254623
6459 663991
6775 740046
5480 548258
9912 813122
1262 131624
7209 570888
109 11259
386 38223
3278 290240
5455 577593
7535 729158
6212 541490
3978 332426
3113 338579
3675 354588
9975 1004904
6652 505471
1367 137209
4383 397326
4912 503260
6120 640185
5736 570676
1461 135809
268 23363
2345 234087
8992 775257
9400 992848
8120 755257
6357 699724
8110 828789
7060 605389
1532 148660
48 4417
9189 976488
1481 127557
5973 577943
2067 230469
1721 168712
9579 863916
8672 995904
858 87967
3574 366606
7054 808906
9045 877237
1781 198690
7284 686369
1971 212951
8828 817616
4401 365673
7024 827317
5276 494145
8501 825109
4251 431745
9093 992018
8014 700682
2154 180151
591 57026
5207 516599
707 68555
8247 888161
9574 958227
2222 213993
8639 796516
3074 285487
3273 324233
2487 274932
5051 430253
8143 915524
3120 279480
1630 164349
7519 738615
2903 332311
7147 716327
4923 396685
7403 697593
6294 598458
9306 1034862
7301 623431
5618 552048
7503 746796
915 81066
7400 687254
7805 784077
3122 247837
6692 682731
1363 129895
4022 373682
3705 392010
8310 911669
3078 320366
7912 783805
1812 192744
1122 105945
8959 813843
8092 849419
7243 769543
2923 319016
3108 341598
8980 857932
277 22133
2917 255014
4584 456683
3777 434743
8383 878804
6577 520048
802 73094
6898 856975
1814 199058
3499 390407
4408 476811
8794 952962
2642 270849
3721 401759
9528 902488
8236 765434
2133 185937
2259 249229
2556 222350
1216 132064
7418 631076
1272 124592
9810 1125644
6183 576072
3197 335991
4166 385252
4791 511301
2509 250664
5993 556188
4346 473077
2130 174144
4664 516747
1445 175394
7813 807296
5207 547344
3821 390927
4835 494390
1098 92540
4111 394927
5823 569137
9777 851451
727 76688
1800 185217
5112 463221
9374 841872
9797 957586
2190 194324
5777 555769
1937 168519
