500
100
8 768
11 1028
7 593
9 1027
7 806
11 954
9 811
9 960
11 1244
14 1335
18 1563
9 925
10 1003
9 852
7 699
11 1180
13 1194
9 956
8 934
7 664
11 1225
11 1099
8 791
11 932
8 821
9 878
11 1259
11 1172
8 792
7 653
12 1262
12 1094
10 838
10 1075
7 691
19 2039
10 959
9 919
15 1712
10 995
12 1349
11 750
9 748
19 2028
10 863
11 885
5 562
14 1327
17 1681
9 829
13 1468
8 864
12 1304
13 1139
11 1151
4 322
9 911
8 724
7 714
13 1117
5 418
16 1643
5 518
11 1077
8 790
15 1342
7 625
9 915
12 1016
9 746
8 824
10 1021
9 690
13 1144
15 1284
11 1187
13 1305
10 1028
6 639
11 1117
9 922
15 1296
10 820
12 1194
19 1819
13 1108
2 172
16 1410
9 927
10 934
5 485
11 927
11 1123
14 1502
12 1239
5 487
6 653
13 1403
10 815
6 621
