4000000
1000
2370 931410
6547 1793878
4561 1112884
8792 624232
4195 1338205
494 151164
1251 248949
1900 74100
418 50996
7739 448862
8750 3998750
6189 445608
5396 1327416
3214 1247032
1744 737712
4828 2109836
9465 2356785
369 92988
2864 1374720
8351 2221366
8231 3045470
3294 349164
2576 278208
509 60571
878 283594
9367 739993
6219 1131858
9714 650838
2192 786928
1674 652860
2019 256413
505 14140
9795 1547610
418 102828
1991 370326
1542 291438
340 165580
1876 399588
1782 452628
2828 537320
368 3312
9850 3142150
1729 710619
1681 569859
9750 3617250
4381 1248585
1620 29160
5184 1985472
7912 458896
7028 119476
3276 1369368
7069 1258282
7187 675578
8116 3376256
7012 876500
193 92833
702 190944
9800 4792200
6358 3115420
4919 1751164
8643 1849602
4617 466317
6596 1991992
3167 1298470
9334 3556254
8502 3179748
4794 733482
1007 388702
4795 1160390
5601 2727687
26 5928
1840 220800
8474 4152260
6055 1259440
5024 663168
8697 1461096
9941 2067728
4431 717822
1971 545967
4320 591840
208 3120
4575 1253550
8589 1039269
355 17040
9383 4578904
9917 3847796
9547 2291280
2844 54036
589 263872
3476 152944
600 199800
9954 3324636
2409 163812
758 255446
8600 2408000
5042 1447054
6240 617760
8203 3568305
617 1851
5461 2277237
3288 414288
8515 1234675
7020 2660580
1542 181956
6571 1261632
1659 290325
6639 1460580
5783 1908390
9401 1720383
6392 511360
9267 491151
6709 2328023
171 10089
3068 1233336
2866 1281102
402 32160
4791 843216
2109 373293
6379 248781
9969 1226187
7394 3046328
3605 1647485
2451 78432
4488 1557336
130 27170
1597 271490
194 35308
363 134310
3486 948192
9990 1178820
8887 1057553
674 130082
6051 2656389
47 6768
8780 1518940
773 36331
2207 741552
3939 74841
7162 866602
4344 1672440
748 41888
8786 1660554
6432 1891008
924 441672
1087 65220
2781 214137
3962 1339156
164 39852
6532 3226808
3440 1482640
5197 867899
9680 861520
5875 193875
9809 4080544
5248 2062464
6721 2842983
672 182784
2554 464828
4781 2304442
3328 1048320
7184 2521584
7814 1312752
9344 1569792
7852 2716792
7422 1150410
5328 937728
4228 587692
4683 201369
7601 737297
9141 2020161
8904 3419136
7626 1998012
5935 1501555
9767 615321
9977 2733698
5875 1709625
2182 272750
3518 179418
8215 2053750
136 14688
1922 949468
5709 867768
5618 528092
4501 2218993
4178 1115526
8353 3441436
5810 2753940
8793 1362915
922 339296
6336 3110976
8239 2644719
5078 1147628
7450 275650
5922 2564226
230 71990
1828 811632
897 235014
759 138138
9265 722670
4584 1017648
6078 2662164
9004 4330924
2602 1147482
286 52624
4239 1305612
279 61938
9016 703248
7598 3631844
974 210384
4230 1383210
4809 76944
7259 1197735
4860 223560
3910 461380
6240 1129440
2538 581202
8741 2185250
8460 1971180
5662 854962
9737 3992170
5713 2165227
2994 1176642
8076 121140
6853 1589896
6443 682958
2129 268254
214 82390
9626 4014042
8781 1677171
3605 1600620
8167 2343929
6136 1472640
4910 2229140
8611 1730811
49 12789
3375 1120500
9236 2872396
4720 1939920
6488 3049360
2339 460783
9344 3634816
3901 11703
5373 1531305
7451 3099616
1421 692027
1474 669196
7904 1074944
3686 471808
5942 1883614
7488 756288
4486 1435520
7918 126688
6605 1109640
8841 1149330
1124 249528
7743 1827348
8310 3822600
4894 1066892
9701 3637875
1844 567952
9937 536598
1729 459914
3283 695996
4193 1815569
4546 700084
772 310344
1627 499489
3447 1302966
2919 922404
9989 3815798
3367 276094
2854 1041710
7310 3399150
1868 595892
8652 1531404
6733 296252
8692 608440
9061 1893749
8927 1838962
8050 442750
161 70518
9803 686210
7731 765369
8154 595242
7900 1311400
3754 1831952
1600 283200
8940 1117500
4692 2064480
5940 1425600
3291 628581
2706 489786
7371 3140046
2086 1028398
5979 1560519
5105 367560
4875 936000
1257 578220
6303 995874
2662 1083434
1523 415779
3225 161250
2644 10576
7964 2715724
650 131950
2643 383235
7014 1381758
2039 491399
1572 598932
1160 271440
5957 2907016
5112 1318896
4926 1679766
8279 1299803
2054 911976
2744 661304
5502 1474536
3988 414752
9154 2206114
7727 324534
4507 653515
6899 2021407
245 23520
295 100890
5710 2009920
272 116416
1470 283710
5070 613470
1272 461736
9874 947904
1116 175212
6995 1405995
1422 533250
9054 3440520
4520 31640
5292 518616
5197 810732
2890 1106870
5090 1898570
8506 3351364
153 50337
3851 516034
4728 808488
1482 610584
8960 1227520
3995 1977525
2506 508718
9812 2914164
7087 3522239
5082 792792
8996 98956
365 28105
9742 1285944
6121 832456
4357 1032609
6283 2827350
8761 3066350
8137 3083923
120 43440
7665 2130870
4115 1069900
7884 1671408
3442 1221910
693 223839
1246 439838
6189 284694
9190 4264160
1394 132430
4336 2072608
6570 1011780
2306 449670
242 66792
7465 1672160
9445 2011785
318 109710
9091 890918
4340 269080
3705 463125
6684 3335316
822 350172
4500 1989000
1534 162604
4036 1606328
2130 947850
5410 1222660
9691 959409
2688 1290240
142 994
7374 1732890
9247 887712
7332 1495728
8326 2730928
5924 2813900
8453 2409105
6153 2288916
7283 2541767
5905 1452630
1934 199202
6450 1296450
6804 2796444
9124 2153264
1789 805050
2115 277065
3398 207278
3343 213952
725 197925
3171 332955
948 119448
4440 257520
8737 2629837
7268 1133808
7334 638058
6294 2316192
6239 2164933
6236 49888
7456 2266624
6002 1818606
6223 1300607
4333 1863190
5385 840060
5382 2400372
1407 690837
7227 3057021
8239 486101
6667 2960148
8942 3514206
6238 1921304
4869 1592163
7516 2818500
7387 2784899
313 15337
1434 394350
4936 1722664
4797 1156077
1505 195650
5532 2229396
283 9905
1097 196363
8322 1722654
9887 3539546
4596 2252040
316 152944
6562 2624800
4117 1914405
7930 2363140
1751 56032
1262 348312
1355 476960
3450 493350
9770 4308570
5061 2439402
1091 164741
3498 1115862
5628 360192
196 14896
8683 1215620
8263 2602845
3528 673848
8928 3472992
7525 3130400
7803 1724463
767 256178
2074 387838
2184 157248
2532 898860
2316 636900
4186 954408
8612 645900
6148 1758328
3606 544506
5842 1705864
3533 392163
5693 779941
2861 434872
6746 3103160
2162 99452
7228 614380
3702 1069878
4781 855799
3834 640278
5686 170580
4647 855048
1766 561588
8227 765111
1212 559944
2918 747008
8898 1201230
4969 1162746
6528 992256
2888 231040
2266 802164
6945 1611240
8246 3471566
6853 2748053
5754 287700
4283 192735
1171 10539
2254 879060
1783 845142
6899 1579871
5743 2211055
8416 3383232
1781 407849
9934 3317956
6315 814635
9264 2362320
3060 679320
317 88443
8472 1092888
2223 509067
9792 3711168
9803 1068527
4515 690795
6600 884400
6069 1499043
6605 257595
6198 2572170
5846 1198430
4889 581791
4079 1537783
7837 2053294
1312 149568
311 131864
571 181007
4971 94449
6761 2190564
385 58905
2843 986521
6927 554160
1069 240525
445 121485
7017 1922658
119 47362
20 5640
1187 225530
6827 1344919
1395 465930
8313 1446462
5017 1715814
284 44304
6594 811062
9660 4530540
684 194256
4149 70533
7575 333300
9892 1760776
6357 222495
480 32640
4165 1532720
6264 2956608
1732 39836
8944 813904
7251 2980161
6340 1604020
3582 1128330
833 213248
7663 2452160
2543 1060431
247 44707
6115 1779465
3056 45840
7528 2627272
5477 2092214
5782 1115926
1830 484950
1684 629816
3746 1565828
8222 1035972
9286 520016
8383 2741241
3859 1663229
2813 1068940
2460 1020900
974 310706
9397 4388399
6292 2938364
5618 50562
5613 1751256
1000 367000
2032 207264
6892 1819488
6070 2810410
2470 1146080
9605 1690480
9209 4282185
3844 1760552
72 24768
5542 2577030
8994 3120918
872 54064
4006 1249872
477 40068
658 82250
7738 3265436
4887 625536
6331 303888
5639 1325165
2795 1221415
4657 768405
8161 3476586
7339 814629
7640 710520
3874 1890512
8974 4038300
3624 1362624
5326 580534
852 230040
6499 2658091
6309 2321712
2490 306270
6360 2753880
7864 2949000
4878 995112
1594 355462
2174 28262
300 4800
2032 731520
7744 1076416
505 201495
1923 534594
668 193052
6037 645959
5492 823800
3793 861011
8722 2023504
764 12988
7917 1084629
9060 190260
103 30797
5175 1433475
2166 773262
3667 1635482
5435 1206570
7949 3004722
9852 4088580
5320 74480
1687 408254
1133 104236
6590 1054400
2293 637454
3923 1753581
2837 451083
6525 815625
5904 295200
2725 411475
4410 321930
9393 2132211
8843 4023565
3004 81108
7393 1596888
2294 566618
6788 597344
7620 2461260
607 264652
6251 2012822
966 227976
3452 372816
547 48136
5293 2403022
4449 1419231
6228 43596
9846 3948246
9765 2968560
9582 1906818
1987 949786
3043 1168512
5992 2241008
5640 913680
3088 1232112
8848 1159088
8990 1024860
8447 2314478
8846 513068
2442 129426
8231 329240
198 17820
1680 448560
6929 3000257
9989 4435116
8041 2524874
2066 803674
9166 1741540
4848 853248
6836 95704
8337 3976749
1658 63004
8001 2936367
5805 1451250
9313 2197868
2653 376726
623 180047
8176 1667904
4512 1479936
5475 2688225
6093 268092
6358 2606780
9015 315525
6397 1061902
1483 225416
648 131544
9215 2847435
7255 3054355
9878 4474734
4466 250096
8107 964733
776 367048
9456 3517632
8854 2718178
2179 200468
8969 206287
2652 182988
4528 2028544
31 6727
4343 590648
3126 337608
9447 1417050
6854 623714
8835 1440105
1465 700270
3732 1022568
7653 3344361
3846 1496094
7007 406406
8630 2097090
2877 558138
2559 220074
4376 1645376
1688 766352
9032 641272
7400 155400
7920 2637360
927 364311
9012 522696
5012 1804320
8370 1657260
8214 936396
4167 33336
9753 1950600
392 1960
1460 166440
3256 1393568
9672 1015560
4451 1014828
8621 2474227
6564 1444080
4877 1794736
263 96784
3532 144812
3085 971775
7987 255584
570 219450
1205 292815
5417 1505926
1878 833832
1999 639680
5021 557331
945 340200
2564 548696
2147 2147
2326 893184
5118 2118852
2211 568227
6840 123120
3276 1159704
855 333450
6447 2166192
1462 595034
5587 2335366
7406 2584694
5053 1854451
3982 613228
4825 1654975
5383 1819454
3283 308602
4969 705598
769 26146
9552 1967712
9006 1540026
6116 1522884
8240 2636800
7392 2128896
9468 2991888
4720 1751120
3611 1776612
8035 361575
9049 769165
4109 1816178
3390 1559400
2232 55800
3862 926880
3322 132880
1455 231345
3367 1545453
4034 871344
3129 453705
5367 1937487
1649 469965
5554 1344068
7634 1748186
415 117445
1478 62076
9579 3036543
409 119428
583 275759
5665 1676840
5755 2336530
2156 133672
4193 1693972
2692 352652
5046 1160580
7812 1132740
7049 697851
7610 1004520
8173 2451900
4419 2182986
921 396030
8016 1298592
1821 231267
1379 74466
8968 3264352
8561 1823493
2499 622251
8210 2947390
9201 1334145
8837 3190157
5037 130962
581 141764
5946 2378400
1979 726293
7871 2920141
5131 2093448
873 277614
3290 815920
9148 1390496
6280 94200
114 38760
3451 251923
7748 2905500
6819 2720781
2418 265980
8856 2116584
6277 2774434
5231 873577
18 8550
76 27132
8347 1418990
433 60187
4670 1032070
5584 597488
8233 1119688
5216 902368
1556 429456
3994 1449822
7063 3022964
5471 2155574
3043 1229372
8999 764915
853 406028
6058 2392910
6984 1375848
7822 2651658
8437 2328612
220 28160
9929 3008487
585 132210
6914 3228838
2302 405152
910 152880
6628 2637944
8168 1837800
7306 526032
7128 1732104
6759 1514016
6215 1292720
4500 2232000
5173 237958
2690 922670
5460 125580
4679 715887
2877 235914
4841 2284952
3408 333984
1651 442468
1614 24210
3061 691786
7239 2273046
9545 3674825
7159 128862
7033 935389
3928 675616
6458 1440134
6280 1413000
7969 3912779
7588 417340
6883 172075
3203 1242764
7469 3614996
8685 468990
9590 3615430
6764 1156644
1209 152334
504 147672
4228 1877232
8092 639268
5457 2035461
9802 2038816
6754 13508
6174 2636298
8435 1442385
1132 363372
4109 213668
9958 2698618
4284 1400868
2276 780668
2789 1294096
6222 1287954
1077 47388
2244 181764
3938 504064
364 176904
4395 953715
8117 949689
1524 195072
9677 2090232
6951 1473612
9348 1093716
9561 1070832
6491 434897
3316 411184
2791 1060580
2487 601854
2265 677235
5562 539514
8456 236768
9065 2057755
6019 2443714
7840 1850240
699 54522
2699 960844
7076 2179408
2123 246268
7524 285912
1571 604835
4480 1832320
7282 1514656
1831 95212
3861 1274130
163 23798
2255 297660
3761 1083168
213 60279
4513 776236
5688 2701800
8884 790676
6492 2622768
9379 2569846
4559 1759774
6664 133280
4902 2132370
3575 1744600
1156 41616
447 30396
5173 2317504
7110 291510
5919 1349532
4212 1802736
3599 928542
5005 2087085
2146 766122
43 11954
6799 1822132
7205 2082245
863 302913
1050 176400
6964 3238260
3763 658525
2408 211904
889 338709
8637 716871
9256 2758288
3145 1191955
5709 2540505
7845 2078925
2815 988065
8700 896100
4710 390930
4595 2026395
8593 936637
6614 1025170
5331 762333
5382 909558
174 4176
4551 1078587
86 14448
8339 2443327
6333 2191218
4180 363660
6680 1529720
8192 335872
2440 1007720
