4000000
1000
9609 1035273
2684 267050
7802 649912
868 81938
1459 148172
1331 130568
5623 670611
4209 439324
4077 390458
3348 297432
2049 210408
148 13705
4937 477818
4411 427896
5079 544329
1673 155035
5378 466587
4019 350860
9722 1060868
5974 590045
8231 784818
1026 110640
7994 752364
4442 507171
482 50339
4948 533704
130 11120
3176 274600
9402 920625
5095 467432
4376 391523
7873 888997
8617 848406
7031 597909
3656 325127
3296 350622
3002 305557
5900 564501
9158 983762
70 7372
8313 833939
3925 388178
7486 733976
6842 681935
8569 861011
5918 581903
2620 241811
9501 1172790
8364 767245
5544 499249
1773 159115
3795 395405
3592 294704
9163 787505
3784 387202
5226 438393
9628 1019402
4861 440762
6334 639190
4524 447570
8131 892831
5734 582911
2054 179842
4930 530000
1396 114559
6490 634126
9678 1127108
3519 332034
4532 400128
2113 215910
8862 884710
8334 885869
8993 910863
6800 721503
9161 1092902
9977 861513
5301 574078
4996 504795
2739 294609
3198 327367
1364 127580
7804 869707
8009 842817
8141 801262
6510 682132
9123 940524
9021 978563
6128 520443
9054 824310
9686 1024812
3852 331756
9655 859984
6684 757029
1650 151902
2618 244373
9329 1020372
1742 144448
6623 696411
575 63532
1892 204394
9402 892859
6605 651334
919 91467
488 43170
789 80425
9204 914742
5141 582788
2255 253287
2169 226113
7900 774296
2547 231508
8270 921789
4901 456635
4833 387337
5886 456429
5907 604659
6786 660767
3675 292881
4249 417986
5905 581264
3239 317030
6487 552572
9529 931531
4646 488833
6773 640753
9236 922443
6343 676857
3639 350968
8207 821877
1095 108326
8918 874232
3417 359822
5948 628509
8531 1020965
8444 1000214
2781 268114
3373 343030
5879 463357
1365 148832
6643 722875
2476 256073
5247 509065
53 5333
19 1833
3917 392400
9189 908389
8578 709184
2821 268575
8113 787940
9872 1023489
9787 988128
9226 1048465
3418 324126
9267 929278
381 42839
6748 755862
488 39414
4258 494926
3918 346426
6418 569770
2406 262665
1885 194353
9005 1054918
2476 249210
4804 405470
8451 862565
1972 206241
4875 501292
984 78268
5391 596043
7238 757659
9680 907268
6624 673639
8781 846029
1468 145273
7305 712789
4121 463541
2016 224326
7010 748075
7319 796335
8236 778644
223 20024
5288 503255
7986 748583
924 105823
74 7169
816 101885
3805 365228
612 52211
7784 746824
8425 819218
3335 349756
3958 361106
7401 737943
4186 452368
7257 723032
1292 122862
424 49683
2731 272112
4554 430335
9797 1053019
3576 356698
3048 238957
4003 379981
1365 154026
7428 613441
7531 761877
3607 406464
5013 582217
8366 918775
9023 961343
3096 281065
290 26675
3789 343357
8559 843515
4917 517788
3910 447356
3086 284145
2694 251672
2934 274073
2712 295779
9258 889047
5678 469769
3180 321070
6806 603092
1768 149455
6367 558196
4293 393121
718 79325
1889 167532
2286 243549
9569 985713
2726 293491
6933 647891
8052 861707
7735 847001
2489 245565
7230 603946
2434 244056
7137 636561
8135 857221
1630 156964
4651 452314
9450 1021103
2030 200107
3611 323670
801 71594
7359 668122
1138 105607
408 42056
5375 487969
7262 637278
5669 542943
8109 761496
3751 343337
7298 758457
7935 667980
8696 764381
3399 387550
6073 606415
7176 645230
715 66247
6055 619222
4051 379332
7596 629287
6128 568812
5618 538668
4018 424550
9065 949516
6573 632182
7337 604789
4342 451676
8972 858771
7359 659471
1632 158292
2607 289224
929 87150
848 90476
7804 793303
8991 1088513
425 37946
1754 212197
3620 393897
3566 404691
3175 342038
7042 638922
3483 336021
2944 274145
9479 868277
2781 295237
7167 691197
9140 953207
3406 292907
2297 252556
1989 200334
9384 1001985
456 46394
99 9281
6602 773748
4102 456017
3124 365598
7029 780126
1023 107786
9618 954015
8339 920933
382 39811
7871 723306
4694 450987
9436 827077
7227 701405
4648 469833
1817 177005
4254 463560
499 51695
3182 280817
6369 644627
5126 498019
7572 912632
9967 915829
7459 560142
7112 537158
5159 552346
6712 596613
5068 456920
391 39292
1592 165519
7073 613003
6319 496609
2460 211805
6196 613045
5876 552145
4491 408787
1913 192178
5007 484164
2134 197813
9083 985200
6594 678126
66 6571
2736 270581
4206 428119
8217 958302
6986 772653
6415 635726
613 59602
5524 514620
6474 627224
4555 518550
2194 226995
5056 535429
4354 392084
7927 793253
122 11337
1109 99229
7768 713219
6461 663502
2690 257317
6316 683800
9450 1023686
3648 422196
5748 743467
2147 207510
7726 816402
4251 438471
2699 224285
8614 956202
87 8303
9078 773843
4901 507627
3093 253096
5449 535062
6931 751204
7772 847853
5165 508036
5367 454549
4003 447153
6479 738994
3456 342985
9594 900523
1257 125260
8435 828041
7749 647964
6546 611085
2949 264724
6611 545551
3211 241509
9413 1088811
1129 90351
2327 250483
5181 531196
7408 835465
1957 196163
475 54692
8468 857878
5733 459552
7249 783772
9418 882851
3618 403663
1461 157501
1722 128705
976 86271
6918 635961
7686 640855
7087 692622
2473 261557
1254 101383
4286 434294
6046 618826
9267 1053004
831 84721
7854 842179
2537 241698
7599 701702
2750 272672
8995 855030
3493 358661
6240 510627
6844 745429
9567 1007321
1003 88375
7849 757263
1242 141002
902 91631
9655 973630
5961 533231
3054 301270
5138 555666
2607 263526
9515 854292
6057 666269
6240 593307
3168 310061
1011 95468
1086 108491
9764 942531
7728 834292
9041 1042830
6728 663889
4491 371088
5270 531005
3502 401880
6984 669914
2738 271009
2027 184326
8681 927314
5067 547438
9659 1057626
9556 959015
1748 163377
974 80977
4306 372779
8096 903479
1438 141656
1879 189759
4337 431889
2431 248682
5580 639134
7680 761465
344 38142
3635 380607
9733 1017096
8574 871103
8222 578033
9600 781541
9415 881981
951 94006
2021 188738
4487 401238
5772 490201
863 77548
1834 201828
705 65126
8150 748175
1985 198356
7862 665166
6051 608652
7965 783242
7715 873753
2171 232389
1880 217247
84 9366
5803 561956
4472 519632
1664 173834
7824 803054
272 26081
5871 557316
5165 592104
3818 399217
4433 453753
7380 630508
3242 304589
2010 248755
6574 639286
973 77170
4237 432673
1572 159971
2633 270083
4037 468169
7588 658195
698 69475
1169 115213
81 7699
3362 307725
4864 496942
481 51426
4416 456815
5147 591194
8889 862622
743 75330
6667 526901
6145 615483
190 20427
8776 819943
1461 149868
3614 391845
6646 678683
2611 289354
4315 469891
5466 528554
5198 404807
815 80757
4079 402943
6551 698244
8046 792820
6032 484332
9311 816748
9277 897293
7371 776846
8607 872299
41 4675
6443 557404
4227 481838
1960 175276
3686 345782
5668 606342
2765 271274
3092 313310
4358 450398
4004 421919
8507 867958
4282 453754
6102 736522
3665 379099
2306 246250
8014 969571
4603 459213
1563 167277
2068 193854
7116 697189
8724 925660
9528 896713
8109 783511
4316 405524
6195 513464
7575 691861
586 61837
6513 704710
9076 857955
346 33805
3922 423961
4526 468279
9187 905339
9962 970758
5303 401881
3953 366515
7609 739406
4110 363174
5300 467621
508 45849
4216 430299
7116 787613
9856 798677
2077 197574
2979 251979
5315 501933
9899 1132612
7786 727054
2703 278875
3442 325315
9517 995272
5914 511129
6344 644984
4840 471581
2930 266355
4717 459610
2172 224252
7750 700924
3636 362119
9517 969654
1362 129063
7563 689544
2141 257414
7340 826722
6699 688597
4824 493846
9422 1005457
7629 814064
8565 817942
3253 321201
2485 258155
4481 462096
4913 429778
3777 394396
5615 528161
1031 90082
1513 150199
6575 642811
2536 254215
1429 143756
4510 490330
3295 367013
6936 572828
1654 200134
3934 376118
8060 797683
3977 354549
2927 262938
6127 551198
2946 340042
8958 851000
7507 811685
5582 587937
4018 388724
2505 245694
5672 627436
553 55223
4976 458520
8511 716363
4140 379929
5469 620186
1821 173420
2995 293577
6964 739552
5344 501080
7631 762049
9956 927525
1151 118812
8608 821119
6153 620497
57 5986
8730 864048
8272 920607
204 18326
9904 885507
7631 960294
2015 200480
3415 329210
3166 291816
3851 365288
1020 101894
6630 601959
5658 526947
6736 687525
6840 535661
5783 468332
7157 666401
48 4576
8699 1084763
9664 1118892
4882 542244
7959 793094
4806 440613
9947 978529
6145 721394
2141 228527
2134 203441
3372 305512
2963 278145
1023 92826
8822 973555
3676 380579
8985 994813
9193 933178
9856 968895
9910 943953
6395 580692
2761 286952
8241 732343
8575 929169
9141 759036
6638 667681
6028 589233
122 12169
4957 503641
7596 886248
4034 363802
5697 553637
7633 722466
9285 952514
685 57643
5122 553183
3264 378077
8132 700453
3830 442239
6201 551966
9792 969585
6539 616569
7477 685973
9410 1067249
4728 451767
593 62900
9776 1024124
1729 163094
1936 208643
3937 334962
5867 579631
1590 150872
840 89947
9911 1017060
9820 766616
3465 329774
7931 748117
4820 475636
6366 547310
378 35997
9614 947538
9422 964754
5265 476458
4460 324913
1566 139188
3230 378732
7311 725725
1805 185658
8357 762466
5614 532071
4665 465795
7699 802727
1810 151454
8272 768961
440 44909
2692 302596
4277 427746
7194 744642
2807 243711
5954 603028
5227 653003
4563 463605
9237 949885
3742 416009
930 87360
1693 203761
2507 250200
227 22805
3780 327947
434 49255
5643 526338
7478 763321
3077 276671
27 2671
7477 869394
7854 820108
5297 482984
2463 218936
272 27881
1430 131795
9637 956817
5677 569676
4635 407600
4043 404414
4290 559175
2215 233374
4305 441313
4796 514288
9688 960068
2868 252666
5487 465220
2708 269390
4932 567823
3289 251073
8198 806522
3423 354614
4876 498903
113 10689
9446 1086177
8107 875595
4970 456565
4665 403655
4851 502756
4443 461640
4574 414186
1868 196823
9218 1110737
7585 740431
182 18119
3237 318907
9698 847875
2697 239998
9961 1039805
6980 787403
9516 835271
1915 170092
4784 557860
4588 430169
7687 849198
7244 674992
2988 276017
5606 540725
1569 162633
8829 882181
6834 781361
1412 123813
1155 120555
5403 614816
7959 915426
2416 228764
2559 222937
240 28355
1749 169484
9814 1116907
5489 507887
3816 348322
9389 921123
188 17895
7820 869667
1554 163856
9174 869685
8349 814833
8167 968639
4473 462143
3515 365787
3928 433547
9495 1135074
4254 361729
8305 685542
9073 981892
2175 219111
5725 620109
3795 461370
2539 346571
3582 391098
6267 628837
8803 942230
342 31498
3331 270856
9308 977764
2516 247775
7915 939231
46 4732
1967 212772
193 14985
4294 450209
6508 678273
9198 754140
5084 545728
1268 149089
8460 721793
9279 853044
7516 781925
6935 749138
214 22127
3987 412237
6039 535167
1352 147156
1185 101384
8637 754793
1211 118276
7337 692080
6679 686719
2696 266056
2532 244783
5474 586971
6886 658156
2783 264122
8231 822762
9663 1017267
9748 956514
2381 245175
6411 646780
7400 754678
5530 547252
4234 464997
784 71275
9821 892781
859 83730
3074 277669
30 3306
3135 249597
7206 760453
7018 806810
2300 253564
3458 355660
7076 716578
7776 685144
2048 205605
3565 383657
3776 371008
9350 866035
6040 641125
6988 704475
5688 677348
1144 93654
9886 1038151
5916 582527
8375 906544
4388 416137
5470 540972
6943 656166
1137 112030
1479 129122
6829 645572
760 69867
7308 672170
4627 462689
121 12757
7872 862805
2143 227090
4034 331656
5841 593490
7978 776920
2541 214372
1045 94870
8432 784474
8388 766952
7439 723775
1697 170766
2357 260251
6253 655315
3380 342189
1774 159125
8006 662735
4801 445513
1656 168532
7134 575780
8322 808705
182 18947
3974 462310
4270 387009
8091 771444
8184 941287
6733 705083
1869 196580
6165 637583
491 48190
6847 621856
3142 271905
4165 440492
5847 654307
1834 179759
6466 630105
7417 709198
7590 747323
5260 455712
3605 386783
1786 182462
900 88498
3069 322497
7576 734226
5487 596906
3808 380631
9554 914929
381 38657
6074 576334
4154 345306
6260 694866
5950 544063
7804 743344
4529 490151
5847 663022
1972 186191
9213 1007377
5682 680719
6590 615505
6216 469341
1338 127672
8019 795977
4493 476127
8247 737428
4053 405768
3542 362478
3863 375602
5514 651265
9690 874493
8933 1066201
3470 285725
9569 977430
2851 269235
3843 387928
1455 123258
4330 369963
2926 312216
2894 263473
6850 706104
1308 140079
5708 570105
6885 655610
2042 199404
8380 1003298
3706 418929
3105 236421
5783 564491
3660 379591
2729 268730
7512 811333
8774 904782
267 30011
6571 774709
7976 817898
3085 308326
3247 303327
2093 195688
