100000
200
2384 231991
1551 146783
1585 168134
1395 120083
676 55171
914 106592
807 80687
1052 101397
1561 129279
373 34534
434 42313
1037 102926
507 45772
4036 448110
71 8295
208 17725
480 42361
1300 133593
374 36205
451 45806
968 114535
615 72817
727 75756
2147 217561
1006 114608
3274 321614
1809 198838
1382 125531
1183 98067
824 89321
542 60099
1905 199313
514 52377
100 9828
703 73217
1326 111935
639 60792
2567 284470
248 24545
711 72536
1403 164156
234 24234
297 31695
614 59778
1789 207069
147 17667
2162 216563
1851 175020
1066 107157
651 61201
482 51774
1575 154573
1032 106750
831 68199
164 16504
598 68739
1462 138922
1272 132267
708 73178
723 68205
1049 92897
1177 104824
358 32819
2741 237436
2165 258327
1045 98814
631 65809
1949 168418
2293 229861
348 36521
1118 103527
520 46924
317 32539
398 46905
1331 134260
1720 157122
415 41232
2156 226005
721 68595
1239 122941
833 72860
564 60231
2448 267495
2395 206177
2152 173657
235 27634
442 39180
383 41055
2097 218892
1058 106704
74 8947
517 50768
1485 151077
525 45281
405 39853
2651 261304
402 48228
674 62824
448 49538
2978 294691
1302 145011
851 88232
604 67008
972 87059
1708 171369
1610 155167
3164 343305
986 98472
689 70370
331 30668
1057 104570
193 19985
56 5131
674 78022
616 59571
1119 109774
2534 246404
366 34950
569 53791
1006 96860
711 68763
878 76892
216 22476
1491 155841
1421 126380
1053 123134
707 63221
168 15670
3950 414875
2761 268570
926 97042
95 10106
1668 188597
1776 189209
364 33191
139 13941
541 61490
1149 120075
1564 171741
988 95875
476 54741
1477 166786
1587 154918
217 23166
516 42785
1675 174781
1262 133322
1583 165296
861 74930
729 80617
1154 116998
338 36391
774 83932
397 43768
2725 252504
444 40735
1611 151170
444 43736
1931 193690
226 26266
439 48546
1074 94948
606 57453
1105 97676
628 64626
1059 107276
1103 85614
1182 113684
800 75380
2427 294114
1265 122748
804 88494
212 21737
1554 161888
542 52623
181 19472
1177 119223
565 64882
113 11035
184 20925
770 78106
1057 94919
885 91155
922 74566
922 96177
2490 241117
2727 248801
865 80495
2791 295939
1115 108970
824 88377
683 64462
617 70300
767 74802
739 68850
258 23158
77 7274
2614 246917
1377 121644
683 58346
