12000000
3000
1677 169285
9819 1178311
6302 652819
9721 1099427
6622 728658
1479 147481
3482 338932
226 30217
2940 300538
1226 127022
3541 348305
2745 294675
1768 172529
562 56611
9956 1014679
9627 1023722
8384 861340
690 70762
9579 924566
7040 703579
9349 961070
3725 422042
3786 381648
416 40608
4059 426199
9751 815181
5693 700437
6662 784948
8598 600574
3137 302671
1185 110864
8303 770675
1669 169718
917 88295
5602 538486
3709 317321
7674 942972
2372 217621
6792 601940
7796 697639
86 9051
1226 132809
6624 644371
2329 234034
6728 617961
3779 430068
5047 502817
7017 723135
2233 265027
4456 544843
3887 394111
264 26821
3402 288078
8798 956390
3215 338979
5207 539571
9423 1005056
6798 714957
1135 109606
5612 565722
1129 109506
7995 758736
9927 1251406
2374 227996
2801 272988
3910 389624
3453 402441
2729 282829
3987 406595
5653 644764
9676 1045834
831 97447
3634 330124
3629 350850
4841 479234
6612 661484
5684 513214
9279 957953
2039 210077
4765 471915
8849 905079
2983 285962
7512 814343
7640 662349
1599 125071
2758 234630
5816 647271
5509 494307
3735 373316
4207 485099
616 59319
1769 176876
5209 510175
8927 870254
786 69405
8326 964887
8264 803188
1492 147151
2132 188724
9858 1010870
722 65298
8647 820693
990 105299
2366 238998
673 66801
1085 104607
1774 168486
6226 628095
1570 148231
7576 742727
4236 348880
855 101889
8924 1005787
2071 224735
3961 379619
3998 357350
2296 246869
2498 207639
1112 131010
8482 910187
1202 113846
1403 150816
8683 898054
2510 247208
3723 385443
1187 111821
5291 550083
8611 899848
3713 350555
791 82992
9226 1115073
7925 711724
6327 672083
4830 457481
6777 629902
5019 474763
3049 308279
6049 649759
1946 187464
9310 830361
2242 247808
8915 908622
5300 537872
6576 719459
1236 130018
6247 673487
3592 496998
2762 263755
9909 958675
3649 339639
6185 643595
2966 277885
9165 959358
1989 167656
9678 707034
1359 137390
2608 269071
1020 70122
2586 313671
5589 474770
2467 236094
7166 770741
7355 695855
8261 755914
3961 387938
9259 1011569
3210 331631
1525 177907
1699 165695
7848 799958
3776 364510
628 65313
397 44181
2992 290412
4763 457803
3582 309803
754 83122
1069 97215
366 31228
9143 794368
8070 807683
9543 1062026
7016 670079
9292 1013236
4560 509099
942 101780
8689 933352
280 22885
1731 154161
6941 639139
5731 492198
3898 396410
4563 471395
3313 317836
3458 315054
5055 605692
6204 482137
8358 838118
589 58452
9426 913948
4635 464329
1937 228922
6186 642455
2236 179518
1391 121528
3589 354537
4241 383222
4970 499212
365 34982
3096 333730
7009 784364
459 50175
6301 662810
6385 570735
2987 265657
5667 439401
8891 842808
7156 636413
1725 153764
6400 723511
5216 423560
507 48879
9309 949605
4523 379052
2885 311711
9939 977680
2075 221455
9556 990689
5599 670497
1082 121825
3193 288377
6144 646073
1539 140647
3160 269968
366 33040
3650 354572
780 77932
1333 130206
8188 935693
9008 944021
6431 646634
3561 363985
2745 225255
5699 468192
7579 721358
9484 907524
7974 842041
2290 182597
9634 1104966
7472 931710
4294 373346
6360 671382
2599 308797
5822 631198
2748 251580
8987 740818
2663 263373
2014 204637
5063 571822
8080 931090
7345 710449
1095 115351
795 81133
6949 848327
7112 815960
6163 560839
3013 346699
5428 423306
4721 558872
7940 727356
8222 700622
4063 464263
6118 614457
4594 394574
1730 155971
4498 353837
3967 401487
6200 592791
9650 954862
8406 886590
6206 635481
6666 550313
2262 233048
4004 438324
8275 784705
7473 688088
4014 441267
8879 913825
2409 227781
7842 814361
5069 486960
221 22406
9817 1054728
4165 363956
3937 445330
1572 130867
2267 219434
5995 611057
4692 458133
4354 431116
908 97320
4001 361104
2732 270900
4145 463501
4411 385606
7285 773665
4529 355402
2090 235730
4794 394724
1112 108952
8906 894614
8338 755055
8871 783215
2627 244341
7806 825508
2286 228986
9556 975911
2073 197025
1191 129328
9292 1005699
4894 515798
5902 527971
2040 189874
209 22619
8419 910517
909 93957
4986 471197
5010 436591
3831 347093
1885 197403
8642 736090
9433 1156288
7278 668828
9123 962753
4650 536216
3000 324441
5893 590447
6748 672166
2206 203271
3900 333372
7405 684948
1879 171218
9033 886714
5135 500937
6607 693443
1910 225581
3184 345653
9233 934663
1317 134335
7933 678867
5035 435958
9011 958436
5667 447774
9308 785992
4005 386814
7513 712803
3861 354979
2916 315950
9199 977584
889 97577
4043 392031
1832 169754
5965 492462
6393 565359
3378 300438
2288 266668
4958 478723
386 43233
2956 331143
9904 1087069
3315 293005
9759 883270
9298 1013734
9622 844193
9923 971589
8535 778697
4450 500624
9073 886564
1476 173840
81 9989
4823 382710
2738 294851
172 12998
2280 250785
8884 812712
7158 713725
3885 413821
8243 767642
9244 1002432
1531 159303
4416 455712
3288 363103
8855 741511
2212 244097
3162 259859
8157 662859
6936 645329
5838 630284
8410 902119
9039 958026
5527 613513
1884 191027
1853 169825
2616 295999
4400 408988
2364 230563
9497 783138
7174 683097
8202 748854
8996 951134
9844 774547
5433 596781
4700 429967
8004 610113
2564 317020
2135 241694
14 1486
6675 823773
3901 335388
5119 510234
8053 866607
268 26166
4661 439290
3057 313347
121 11762
1158 118910
8971 960040
4879 446458
7197 722783
923 69291
8669 892068
9830 978977
696 65894
845 100508
986 101056
6378 786029
148 14575
7242 653656
7184 612622
8631 972790
1088 129253
7307 779234
5332 465133
3789 415136
3795 401618
1931 224080
995 84497
1715 159302
4285 450662
1400 144067
4548 411882
5036 503870
3349 358877
4157 420731
116 10587
7293 828964
6391 714869
9744 786613
8829 778235
6982 806967
6533 671556
4495 421176
939 92268
7816 957708
6466 661282
6249 617013
3588 384120
3771 402671
6991 655747
704 81057
9123 893361
5520 639396
4854 470059
2649 240056
6783 662188
7296 763797
381 30812
1965 222682
9322 902227
3306 370117
3656 354416
3297 277893
4297 443950
8286 1022383
8602 794354
9736 1016402
2827 284985
5172 398898
7114 598202
5606 643669
9996 1170840
8852 820033
3498 321944
6088 700805
4956 478259
9513 919288
9323 815276
1289 116324
2214 239960
9353 891347
9485 857347
7136 795863
6409 711677
3540 340511
5135 536047
2060 241997
7706 723137
8484 768205
3282 327857
605 51903
4033 377965
1855 195127
2272 239563
4996 483448
6172 602098
7130 659404
7345 704911
5732 549702
4065 416826
4194 476146
8363 860054
5791 673169
4009 469297
30 2728
5920 477773
1162 113243
9879 1051932
6904 597459
6041 569576
7767 869976
8352 965326
2082 203483
2529 236459
9865 1081336
5193 569951
7638 985350
3890 291472
4121 382091
7498 648834
7112 672096
1813 179062
5740 515932
6600 676495
7708 855135
5998 612248
6248 567904
7957 643211
7405 714252
804 74152
3101 298049
406 36758
3824 377366
7432 666382
5539 581167
7316 824212
8206 799984
1174 113627
8190 664335
6019 535875
4385 397757
3069 310294
6954 761024
1086 103236
2924 296277
2353 230934
5223 586956
1934 211743
8819 988297
7485 758833
9641 910996
4475 433493
2949 313442
3783 282299
3707 287276
826 82106
9475 996140
8039 782120
1303 116175
5440 610147
3495 391845
1824 196389
7335 616663
5696 688044
2040 211253
4609 508035
5594 542708
8609 851033
2237 220302
2111 210580
2670 269242
5882 608894
73 7033
4909 547482
4626 475313
8098 851200
1108 116355
2409 215042
6349 634844
8055 856148
570 50644
9639 1040175
9895 944474
9260 1013400
3208 288221
68 7077
1561 162657
777 71859
4484 491475
4497 448421
9723 979319
7824 824673
1976 200839
8007 850580
6770 703842
4067 390155
548 59233
4515 586083
6781 729558
6354 624472
7051 733002
4032 459273
1295 117338
5854 510787
756 84073
4408 523186
2894 281985
8664 809692
7567 859088
7416 736518
1146 95172
4568 479229
3809 350980
2088 210647
7051 731818
8116 767693
6616 661816
17 1851
5506 558103
799 86666
2372 201152
896 80863
3588 337979
6039 656995
1150 134184
5941 736045
5242 520181
8400 939001
2551 244036
5102 441679
5682 509361
473 51984
4804 502393
794 69927
6422 692811
9043 813182
1677 166509
9463 1071972
4841 476797
6353 649350
6864 651849
1563 150727
6046 697697
842 90398
1227 129298
6139 538602
417 39363
5969 611422
3685 334557
4460 464296
4201 443239
49 4465
5453 543879
751 78690
2535 209555
7121 731431
5509 528470
4610 531895
2072 227716
5435 532656
809 82934
9951 1060443
231 24980
2298 202776
5480 519879
876 93132
2181 178389
9663 958184
1695 166738
8566 936103
8699 853001
7693 817834
9081 995776
7644 685930
6968 771279
9874 1001474
4666 461005
4128 394878
9882 770978
3157 270060
4672 440205
486 52902
6545 655716
7557 744593
6593 586192
3537 430358
733 64886
9442 1063594
9617 832027
1255 139402
8769 760792
2375 238805
8253 784316
9297 919347
6663 622931
3392 321528
8651 880185
4335 410336
4388 386339
157 13876
4409 457127
1483 143989
2119 202386
6483 730832
5795 600092
4577 480378
8977 1036102
7201 671786
7547 762071
3969 357578
2206 214255
7043 616748
2969 306297
324 28594
6471 581591
9044 891746
4754 491762
5600 531512
2368 250489
1439 147624
5365 491906
1251 133494
6679 658150
9924 894684
6357 661254
1452 160709
1996 208697
7017 700516
1753 190342
1465 144276
9185 866575
6592 703673
5811 692149
8767 822890
1874 201384
6011 666430
1624 153225
2934 304913
5125 546306
9600 999035
1576 157567
6997 660481
8332 905046
6950 702280
5448 554532
7300 784503
7520 814511
9438 1156310
8471 768220
9182 916763
5656 609287
5828 569688
8324 773679
5890 605982
7746 784062
5403 481638
9373 945465
1695 186343
2766 327131
9755 947323
3015 338960
8968 824018
268 23953
1889 218221
1476 135952
9892 1019042
749 82181
2028 207440
9104 996049
5807 497458
5811 608128
6999 788714
9436 811965
3032 336100
967 96343
8357 927936
9972 958953
3516 373948
4929 512106
533 56194
1090 103817
2266 241078
346 34814
7400 737392
5712 638667
775 71206
4555 475656
4249 447912
7873 848186
1235 105517
1354 128029
207 21943
6385 606763
6287 668561
9992 946206
2446 232869
3638 318373
8697 952751
3329 327131
6619 642688
2339 254504
9913 1108434
6542 760241
4665 422946
1745 164999
7911 890119
59 6167
1876 187656
1396 117847
9262 840270
9884 1035569
5636 602974
9655 963665
3385 310168
2867 289434
5283 576850
2198 201245
4196 421744
3764 354047
7505 769731
3907 331051
8911 856909
3608 305586
7907 771677
9923 825213
8587 918437
128 12405
2515 223279
2205 217049
2273 205902
2982 322019
1037 100996
5979 559843
693 77378
3596 361040
1260 136218
1252 143963
385 37399
9635 920526
3054 324161
7118 802447
5156 429886
4220 457983
7185 856070
1167 118225
4832 425898
2612 218754
1224 133141
668 69032
1027 97336
6158 759065
3667 366202
4472 410449
5458 562878
3918 376695
7622 758973
1888 178961
1196 123858
2799 319818
6784 623454
1887 188972
8957 847755
8702 754325
6078 587367
687 64040
2631 297890
7747 716785
7323 674860
9356 1102103
3341 293398
2400 272303
8343 803869
1246 112458
3263 333475
7857 818716
7650 665716
4099 472009
3888 383183
9597 927276
6027 656699
6078 595884
25 2762
5368 580328
6511 649810
4607 443657
8573 709904
9244 755969
140 13351
5079 552765
4910 436335
3413 379996
9761 848498
9357 770605
9714 882936
3883 384488
3397 326023
160 14700
4934 488253
9611 1074543
247 23227
4676 549044
8614 865387
5862 546671
149 15787
6940 715082
7961 685136
7841 683197
9192 922295
4624 439946
1438 145948
419 38442
2015 227121
6508 660123
4274 354014
6146 579977
6925 649783
7790 735197
6405 621229
8322 953732
3560 385022
121 13816
6418 616852
5308 550487
4324 370718
1160 132222
1135 115865
4980 612198
9106 876168
4677 408894
9836 1158432
4717 518560
563 45962
2472 233317
8272 981607
9283 842626
1323 132132
9477 1012069
5099 532927
2310 274313
4947 471246
8317 581930
8185 782596
8318 805551
4483 410902
9087 767451
8001 821189
2310 236191
1455 146347
6123 686035
453 49471
1911 203701
6009 651519
6174 560890
7741 809802
1394 126363
8123 917770
9222 945187
5473 606300
7613 605525
5411 590088
9038 921398
4784 479010
4415 488250
654 67377
4947 511168
1143 100785
5701 596390
8678 753930
1482 162663
7076 631062
9439 892954
6861 673875
2193 217912
2567 290715
3331 341965
5601 628221
9045 730775
3589 323728
1343 130941
9551 950232
2543 278245
7618 701917
9058 861670
1602 172521
2596 266932
8297 853523
4369 478634
4333 401729
3908 410731
9276 898330
6252 510912
9898 1015970
1496 152258
1076 94499
1082 93579
3937 427651
2075 205372
8524 857771
3845 355123
8819 1040556
4255 445562
50 5751
8219 852104
3529 352965
6358 702272
6448 694537
8543 889629
8852 845051
6948 742223
5752 527077
6197 616368
1280 137607
8390 791142
6915 576607
5169 516385
5594 553381
496 49869
4709 474059
4702 416626
1704 175916
239 24003
4514 394528
8074 859130
6192 563760
5912 669288
4319 451590
940 100602
6156 689602
3921 360423
2948 272093
3717 344209
7267 847010
4484 424290
9855 1030741
3606 399630
321 35161
8969 1037499
4889 403176
1385 146905
7716 897042
9748 943586
5512 503600
8160 873987
136 13467
22 1853
269 22544
3065 379530
1139 89023
383 45437
1698 163618
7829 899252
2249 261353
5313 570448
4031 372397
4553 408382
7248 673192
8598 798897
7661 703901
8696 865770
6774 676972
3447 325719
9515 843236
5927 628825
3956 376192
812 80687
7859 862003
7996 929639
5360 546689
6002 607628
3004 290475
6112 623418
8307 858390
9239 941691
8926 873126
618 51764
9890 1089286
6418 634046
4588 467500
757 78987
1292 119234
9030 1045760
9704 875798
773 65649
3650 361443
3487 391787
5757 620273
3279 300301
3389 307116
6681 699012
1863 183164
8724 870308
4705 483637
9501 897258
7639 914057
6435 657594
655 70229
5997 564757
9024 851571
7714 828400
7228 844883
6224 689882
8443 949327
1090 118466
12 1310
8321 714056
44 3690
6885 727625
8580 916538
9193 923181
7599 706130
3735 313458
4599 475786
6931 663907
1205 98443
2267 221877
6453 729440
4328 425347
3948 415660
3268 301020
9155 838483
7236 715134
9585 1019656
4412 398130
8441 917808
8959 895863
3907 339973
4369 386897
1928 209809
633 70863
2421 238747
4302 429354
4877 552935
5046 611701
8512 790983
1229 118128
6390 601869
7877 756829
4238 461749
1487 158841
8184 991974
3050 296826
735 62512
3606 368606
1806 143669
1782 158030
8377 741203
4886 487377
7554 714514
8352 870887
5865 600033
6196 571295
6569 697030
380 39674
2623 276147
4806 463196
2322 247835
2919 311788
6118 571633
8756 896258
7453 801867
4247 420624
1292 129384
8754 757535
1427 133983
4878 407910
3506 380148
489 53528
1387 160798
3028 323681
8100 696959
5635 527489
2878 275811
2676 268397
4582 500462
8375 856610
3972 411569
3081 312269
6283 630728
9325 1009182
9507 842823
2021 217829
8561 933544
5368 473122
350 31587
2221 198125
2598 262061
7174 779599
9079 878764
7702 655103
3294 301957
2652 212243
8543 881313
7351 737470
2117 224606
4268 411691
481 41000
1772 204657
8468 818789
9145 1003288
9691 892472
6560 666990
802 80181
2619 224074
7923 749819
8734 766797
5688 558249
9851 855487
5004 534545
6915 685163
9019 871482
4502 434803
638 73261
9197 958855
2290 219058
4120 395938
7917 785417
9208 980350
875 73837
9249 1063058
4789 468999
7525 758179
240 23609
8388 679929
8470 941586
589 55596
8490 836978
3734 311974
8711 835991
111 11002
2305 210190
6243 681933
418 44273
3254 365554
1044 97676
48 5591
3389 275110
8246 713749
3011 287190
9540 877454
4623 447319
1207 119508
4808 445194
1798 217207
5183 396976
6884 706201
8217 821035
6005 585046
6220 600315
2 207
5130 568352
5205 532830
4622 399871
7495 831333
3050 280913
6502 529153
6159 617800
5543 540753
6451 645106
4113 406430
3339 342096
2706 250810
1094 126468
4435 446896
8348 755731
7201 734807
9022 1038709
4649 513785
1741 159850
9271 831347
5511 497738
61 6242
678 60423
4608 380594
5452 576284
4674 454306
6288 551498
2197 233457
3370 377960
2580 243067
6014 694160
5224 561241
5948 553686
335 34018
2482 236298
5898 512341
3312 329248
8706 891541
2778 272716
8641 522404
2887 283030
6940 739625
8450 829158
780 73701
286 30642
9910 1033957
6184 763293
7902 796804
4535 446077
9736 905791
2125 226495
5590 572753
6972 639136
2703 306615
3138 331689
2663 252888
6860 751347
9851 962785
6693 593979
7400 813279
7649 871751
5350 517962
975 83356
980 93764
2055 169330
9451 914267
3559 322190
2819 320498
3198 313570
269 25499
7223 707526
2870 279016
2209 242253
56 6016
1189 110427
7349 799085
1960 186551
3589 371435
339 29722
3669 406232
3759 365468
8751 951794
4366 465702
9012 983207
3453 332092
7576 759983
1374 123890
3860 386605
8455 843266
9583 883160
4879 437072
9422 959328
6539 622341
3373 310084
9233 816835
9281 908197
7622 809442
637 70008
6745 616605
4546 462514
5011 545678
9104 844530
7088 789680
6864 805700
7242 721086
2698 249445
5302 494148
3640 374989
2680 269731
5417 598063
4232 426476
2769 253329
4595 450890
9742 1037691
8471 887851
7226 890298
4189 356762
2327 253259
889 86520
3646 355486
6878 689599
2350 199474
9159 879180
2439 245206
231 25649
462 45298
1804 157775
5340 584258
1034 105240
8340 888972
5612 509255
3298 360729
3734 362375
9289 901861
4195 413946
1945 181184
7959 844878
1933 204880
3408 324075
8438 806022
1196 109293
6509 634722
142 15773
2347 206043
4197 444441
4856 565817
7430 756007
5211 487554
878 91421
8800 874121
7221 575055
8534 838012
7550 785044
7668 823430
3344 319621
1099 110764
3759 398720
5739 573037
8421 704570
5835 634414
7078 706976
2846 277722
487 48214
6533 624034
6529 567176
9264 958388
2867 310042
7903 833333
5823 488434
9582 1007973
685 78231
1741 130383
6384 663343
1298 127034
8196 1064181
209 18818
9272 1011996
5481 586172
5360 519657
2597 214685
3986 405761
8377 929105
9354 779868
8936 961988
7266 671731
8213 838095
2078 210168
6305 662526
5295 606813
4760 401918
4230 405944
1628 144215
1188 117747
286 24858
8489 775042
3457 396494
3255 332577
9452 1021068
9787 1050116
7094 689461
8941 918049
8607 1076300
1284 119885
9419 921044
6997 799397
4989 423679
2972 265492
8317 759315
3591 364998
1101 120318
5194 572614
9313 1003992
515 50197
6789 564157
3600 300051
7898 729452
8303 833196
5458 516253
5927 599488
5771 632163
2969 310342
61 6575
8866 965708
1723 175390
4168 393547
7486 696883
8649 844067
4773 439014
9170 979561
6993 707421
861 89649
4959 539592
6060 616497
4640 433096
6674 700315
268 23779
1615 189869
6378 689647
165 17871
8181 832472
4597 389472
6349 598967
9382 823169
7474 633013
7260 689589
6643 670441
4956 513366
5808 469504
1431 159410
7297 922333
1632 146407
1916 174324
5026 517518
157 15864
8511 835582
5606 476648
1773 188535
3919 374963
116 7573
9359 1032571
5478 492081
4272 447240
1924 202555
3978 430801
7711 715218
8089 871461
9445 758638
6994 728666
4688 462091
2676 325434
9800 902317
2616 261144
8172 874436
2862 262379
5626 527947
1082 112712
7696 675156
1938 207094
9648 890417
1451 127302
5976 567449
426 42782
1890 181342
6584 794923
7669 718316
4019 467136
2460 222164
3529 323218
441 50991
6951 668095
3808 415938
1989 211564
4723 507653
9478 829751
6110 698992
301 33085
1633 150263
7034 649203
9764 1104754
1495 148524
6664 657110
3687 344029
1215 111163
9789 1059100
7361 582390
2721 291290
1200 109803
5431 653906
154 15585
7099 665227
7271 826949
6737 639610
2337 231091
4833 426971
1987 195294
4988 544496
420 39214
881 91317
2771 310782
6565 761366
3224 315747
2305 253718
2775 279733
5871 678439
4329 377660
1490 144564
2218 238323
4175 466450
557 65743
6077 558212
8088 866251
5347 476275
3746 323083
9275 955798
2050 214276
4432 427643
212 21387
9987 967855
3302 354268
8170 781020
8180 879692
3536 335826
3033 297897
8093 950923
994 98523
9489 1120324
6463 687806
5897 603983
1402 154318
5779 509913
9269 909837
4413 369561
4833 454481
5653 553939
7692 789779
3900 347919
663 68581
3170 288495
9472 869751
9067 966675
3655 405206
8254 849110
7908 751779
2781 289794
6381 646570
5274 534427
6434 690527
2311 211524
2740 296421
3827 352412
1015 132577
1035 107856
9765 1021730
6956 830799
2398 222781
480 46190
9821 1046096
3387 340521
6465 714278
2252 255300
5356 651569
1089 110097
9391 944502
4339 483974
301 27922
9356 1059125
5469 441440
3647 376826
3938 410055
6912 667488
2731 280901
9579 968660
2851 298915
1476 105998
1879 182380
5700 575037
8935 977356
4467 482629
700 61747
2145 216899
197 21228
2661 298695
8500 1010773
6153 665424
9940 1059035
3323 365499
7197 654077
2485 233850
2867 280697
4916 415541
2887 283982
9364 899401
5063 468466
5175 502383
6840 656327
8577 808949
4179 453366
7847 811883
6347 573765
1747 170233
897 83837
1898 176736
1348 129051
655 63614
2626 259315
3036 300577
2924 306672
7061 734296
4153 418474
2226 172689
2943 271503
781 77944
5748 487355
2207 224386
9062 868426
6396 632837
8278 605693
3261 278693
5772 627676
7614 705949
328 32763
8907 1011674
2393 228784
5646 601969
9964 1061629
1074 116627
7164 740077
1838 166412
4307 443031
7988 921278
1728 159485
6322 610842
8045 869049
8690 914497
7810 739217
959 85659
9060 847891
2931 310055
6511 628618
918 83410
4248 462715
5609 548671
8671 650601
2162 234188
4136 409970
5627 593293
4465 512017
8861 893107
9110 893830
2898 263233
6194 669920
7129 734152
2844 311474
8675 922364
3712 358807
1844 196004
4187 478735
8491 919000
8317 856429
2244 223199
6651 669629
8698 897812
2375 188886
4170 477361
8592 736039
2909 251365
7196 687826
8023 861425
9178 944997
5986 571185
6222 648159
8356 857845
353 41397
3329 354014
1110 117689
4762 505297
8726 911057
8973 807082
6927 625743
4719 526361
6656 685742
8169 829471
4903 453940
2448 229179
3584 375575
6936 720326
2570 272956
9765 895690
4205 402343
9515 891829
6186 687816
1240 91796
5274 497361
356 32611
2075 214574
2819 288405
1928 187565
9735 761735
6579 521441
9113 878127
4198 458410
9154 1016952
7811 771053
8464 732446
2869 257761
5245 485346
8648 939574
6140 619638
1652 166546
1968 179705
5665 611728
2363 239125
6750 630384
6492 648822
532 55363
9482 1076421
519 45297
599 58190
3691 350507
332 27991
7778 710729
9726 947999
5872 500619
5907 572373
8606 883490
5190 593222
7903 835560
8769 868590
3212 327881
8219 962123
9339 978959
3728 362340
6452 604490
6465 702999
9116 868057
2396 255635
7102 638655
3831 342058
3089 249218
2770 277291
53 5820
8259 768496
9224 905669
2534 262120
2499 251093
7579 736639
8422 834297
5951 612765
5922 591880
8061 808480
7303 842927
3461 352728
7496 776815
2641 241197
7404 677952
4366 399630
2238 231137
5719 586986
6452 613407
5410 601305
4601 438486
6606 645083
4703 474125
2275 259607
9381 884383
9055 860471
2985 301002
8063 837759
8284 819721
9415 920797
3256 307678
4917 576829
3478 370349
6971 760027
8519 767602
6929 706462
4648 417592
9009 953216
258 30236
4192 495225
9967 902657
4714 493231
875 96750
4023 399423
2970 296490
6418 612752
5037 514994
6541 698273
6328 639734
8324 748845
9157 961403
6905 695974
7436 788215
4074 404702
9060 939993
4582 541278
8593 827759
851 97461
8506 979760
948 89763
1023 109827
2784 195482
9541 963832
4662 466854
6209 639487
3149 302553
7986 788465
4514 398435
7355 735764
8156 733603
6231 753869
7554 775246
2000 191769
655 63941
8426 757569
7802 669548
517 57035
8393 856574
9603 948954
3280 340543
1790 190082
6142 640230
2233 192615
4773 448305
3416 351756
7795 791570
993 122000
8830 941249
3876 407937
2585 223867
9985 1041114
3646 420617
2570 235593
726 72767
4723 470486
777 61149
288 25192
8539 802325
9448 847258
5933 554332
1618 166869
5652 516917
3307 318528
5018 556846
3747 366289
735 77014
2360 231429
3011 328542
1186 127419
3211 308997
2164 209060
8638 886266
8844 780573
8803 833533
1978 203530
435 49980
3151 290443
736 61122
6668 735581
4108 381076
9329 1117866
3652 351783
1854 210514
8030 885640
7725 775183
7799 815285
8375 804787
5080 577317
5920 609850
5987 454310
5545 635029
2148 197208
8808 773669
2378 251063
3390 296496
522 37771
4545 400316
9142 811682
5601 506705
8943 954534
7744 773922
8457 948268
1448 141347
5797 545596
8526 871078
5677 534268
7138 697761
579 53550
9390 1100509
7663 758920
3961 337123
698 65168
7363 867877
9458 879854
1097 105205
8600 919956
96 9504
2882 297234
2427 269029
713 65042
8644 920700
6216 473495
6450 568823
4074 371646
9489 862442
8515 1042790
5611 447776
3011 366669
3368 323464
6552 595078
3568 346549
8434 809391
453 45718
2029 195727
6418 582313
7302 739178
1604 165935
7987 933565
3484 322330
4600 533867
5831 659856
913 94347
1541 161451
8135 732126
4494 433080
9978 1065216
7165 835005
9058 892932
8937 778339
9975 1030319
1339 128047
3062 296136
1298 122631
2165 204920
9492 1168086
4744 493416
6755 616715
5260 512883
3629 305438
8673 931530
2363 253481
7380 844118
8758 814151
5521 465490
5276 571223
8190 768318
8488 849518
347 34189
4698 450084
2553 268423
2909 299963
8610 775910
1462 162727
8142 947328
5347 610663
8605 759778
204 18385
3149 291709
6619 677730
879 88225
4506 484592
7065 700530
4551 474839
2645 217830
534 52370
5983 561291
8110 790613
7478 881941
9948 988882
9437 1097455
3936 417240
219 26998
4796 515011
5096 553714
4498 450979
7160 777227
4947 495908
2603 252346
8131 890175
3987 424997
7112 842686
2476 255130
6550 572823
7879 742841
7127 741473
9175 821435
759 70106
4924 505178
1959 200062
9052 908592
3918 407361
2959 271627
3644 418012
554 56126
5065 520172
7602 694903
7222 832266
4596 447385
2369 207427
3927 376440
4313 379614
603 66294
9669 1202797
2233 238651
4852 442148
692 49827
4465 548783
2158 186293
2162 233832
7131 717640
4411 399707
1992 213680
4139 488882
1535 155811
8362 754100
4418 464337
4907 509769
226 22734
1237 136794
3606 392411
3348 280947
5332 526587
1474 155942
3109 351709
2292 217749
3490 381408
545 54685
6011 541072
7476 697710
2225 238050
9277 725222
7792 720674
8162 888063
2849 224045
8421 780262
1479 133410
1523 162830
8422 949977
2553 261812
2805 296457
1219 120063
5666 519391
7665 594981
7074 732181
9953 969179
8611 901025
1265 156337
5233 582697
5156 543511
1544 160591
6729 728824
8098 791175
7393 759571
8878 649623
784 83241
2173 223921
5595 510334
3761 408811
6985 712134
8033 874542
3662 364970
5609 560793
5749 586317
8836 708083
941 90780
2332 231369
4805 502293
4328 406565
4444 476704
7561 685429
455 42604
8801 705926
2064 206989
4030 368235
3400 341510
5215 467030
7049 604688
5597 620886
6662 653643
2119 228864
7773 744225
2805 284256
9745 864629
9994 917014
5738 613642
9103 883715
5172 552631
6076 534353
5136 587457
9765 824469
1970 185216
8173 874808
1137 122890
570 55463
9581 985071
4781 469054
189 18754
7945 863429
6651 733944
102 10632
2901 261011
6722 720608
1817 141046
3027 318834
5466 445521
6641 681022
1591 162118
7282 741359
542 60325
8306 947543
3934 397574
3621 356277
2790 281185
6927 670195
3063 308223
6777 610972
7767 843099
2232 253895
8136 727534
6390 576210
7168 719735
811 76316
1513 154472
9820 1086527
791 63197
455 45579
3928 429943
7242 692658
9711 940275
5977 512177
2165 195172
925 94905
5686 635396
8145 845473
1881 167787
1204 124058
6728 631683
4775 416528
1350 128829
9328 934759
6027 679625
1689 148193
3501 324060
462 50203
5786 657401
569 52956
2743 228250
5119 502456
1300 124109
9369 1020616
4330 411505
1470 161407
9402 991598
6253 685367
3074 332236
6640 707558
811 72029
8720 784374
2961 303814
363 35987
1116 110304
5410 549765
6172 667011
908 97282
1772 194845
6287 585411
3760 339136
3102 312921
6465 714148
5602 495967
2092 224990
5490 495664
5296 485514
68 7340
1791 187155
7569 679019
4282 496572
5477 531193
3572 350149
1109 114793
157 13618
142 17148
5862 668735
3892 437366
7506 613113
642 67507
1820 173239
6707 740628
3854 384048
2412 283457
971 90541
525 52719
8386 964366
3154 333577
6100 515047
3566 315744
5606 548747
2934 314049
4921 500511
6889 744947
8205 772805
8531 828250
1583 170993
3069 357809
7383 807900
2995 269282
5464 505576
3506 332598
690 67581
4433 449509
2131 245581
6603 614837
7326 681171
3858 444819
9003 970478
7898 847039
8917 802383
95 10202
6272 649597
8789 874936
9507 944947
2658 285779
1366 130534
2560 292430
4791 473793
1925 171292
7380 758422
6892 693259
7325 717556
8199 816057
3234 296249
3715 397392
3159 287272
2837 306813
3689 338719
6560 655119
424 39026
9385 889249
7210 649682
7540 690015
3024 356843
5516 517171
6875 868376
1035 101613
128 14322
8005 696036
8319 864072
1445 141791
6537 621995
1064 123488
9345 1031394
3283 329807
4528 458830
6250 690772
8044 963961
5045 488956
6623 697704
9477 881900
37 3442
2136 212325
1578 196107
6901 748459
3654 358174
8410 819655
5632 565953
8319 753205
9028 883311
2339 218849
4262 409148
9451 837344
4219 466406
4172 429047
1221 116410
6338 689340
3862 375731
2915 255796
3970 393435
6666 537685
7599 784664
1291 135440
6303 604037
9551 1123320
3470 386840
6942 735765
3854 366824
2527 252523
9471 1016316
720 58333
539 61348
8454 720030
9695 827206
3038 367150
547 59475
3353 331425
9369 893744
888 77545
1201 122555
4364 498279
4451 464954
4590 430450
5510 568459
6961 667335
2353 230938
9519 1090564
2408 253468
5778 488008
4320 413114
9112 964013
8560 812759
5624 552718
6666 716777
7208 710024
9859 770893
830 71964
2972 285843
5548 542240
4025 427435
3781 375541
6801 647814
9894 953834
6334 700295
453 47507
7080 678865
9217 885024
9733 935994
5747 553528
5287 544865
5249 548143
9354 991867
2634 252885
5817 498634
6345 694774
6893 709503
9056 817945
8603 842510
7607 819619
6265 622859
9361 819891
7159 756845
4941 542991
666 69099
1184 119955
1079 96282
3723 360766
3536 320986
5210 551834
693 79423
9401 927411
8950 971334
6757 730865
4109 493057
171 15698
6050 647083
4451 465423
6132 470789
3547 368010
8533 878362
9083 942009
9215 861882
8582 865009
5920 548927
4837 513640
7382 778778
2476 317602
5974 581814
1739 159899
4380 442459
611 61372
6787 629460
5325 530442
2697 290796
8583 915178
398 37744
7224 754597
2261 199110
3409 364461
7259 720201
3331 292706
2858 263264
3722 286272
2508 227771
4363 427725
2070 196004
7229 686902
6008 591668
177 16542
1111 117683
2634 265957
6484 591894
6594 751985
7510 815462
8154 741515
8894 912639
2884 297617
5763 559560
3902 416544
6719 693883
5426 597934
5575 491067
5433 547984
2799 306514
5432 514322
3252 322118
742 76600
3486 339087
5539 607910
867 88864
8918 844532
7635 771483
7379 606680
2893 270857
7081 745199
4481 369506
5016 495942
5380 453977
790 84990
2163 226167
1192 151310
5581 487478
8237 947220
951 103053
6231 554123
7640 744902
5815 533556
6629 657856
3982 443515
8408 561381
3200 351512
3196 249056
1116 121754
624 73354
5338 527744
2902 311346
192 18259
2440 217919
2101 198635
6738 684524
7638 781506
8138 750346
7363 632341
1127 107462
4324 406099
2891 272501
182 15934
2005 211126
2719 260753
9902 904619
4784 434662
1532 118826
1036 99817
7091 668265
5032 525610
6513 706082
6760 646495
6182 604613
9382 974342
5084 478930
156 18374
1119 117913
4022 337229
4524 347123
8650 663368
4313 424147
6015 551690
8506 883029
3965 451981
2049 186971
9969 1024477
1441 141710
4763 509116
5718 517935
1168 114741
9521 1022466
6980 675007
720 76691
3753 358427
2874 293640
4487 478875
4549 504804
8432 880062
79 8478
2687 328988
2281 261060
1279 134546
2202 216749
1473 144024
8640 809033
4325 411498
2980 338876
5423 501074
438 40273
8426 769025
7496 870845
8922 765303
7667 933306
3793 435782
5552 584774
4079 391179
797 73356
2794 248756
6357 569426
1432 146533
5748 578840
1381 113858
8438 699348
3294 373649
5193 479748
4762 510571
8650 829278
8097 790642
2559 240171
7525 931427
7139 729341
6816 675105
6926 677929
9164 873226
3191 269066
6390 650307
5794 492742
6143 770081
7556 777547
2991 316116
3235 360115
6680 739672
5998 568883
4918 438059
7280 757096
5956 617597
6786 671356
4220 510378
9969 955329
8534 888895
2399 275772
2946 254520
1385 133439
6328 688956
4983 523058
9234 855448
4929 508264
2882 269911
2838 307037
1533 151331
9553 952814
9470 869163
1874 206896
8555 771460
8282 842315
5086 504241
6407 622995
6 660
7371 659472
7569 769635
7794 804146
1707 191309
459 44192
1844 210063
8846 876338
8177 848028
4728 501964
7269 709632
1404 151135
8490 837921
9071 962583
8071 782459
4709 496616
8423 747167
9073 947937
7370 730420
8139 754917
8460 940531
4888 495127
7502 774341
4470 352095
7743 921296
1280 132365
5965 564902
4093 391508
6471 683148
5088 540293
2040 223299
8240 713187
9513 869245
6047 483859
6163 620192
3441 363940
9253 904922
1888 151860
2254 217472
287 31219
7777 722746
3147 244232
6840 569484
7376 746757
7588 749324
1197 121138
9103 892938
6946 673463
232 21744
8623 839371
753 74197
4796 440002
7836 828875
4779 439652
4560 458415
9708 1009158
4453 430834
696 70179
8315 766297
9279 1038315
8685 749193
1476 141398
9101 901455
2114 221279
3341 385512
3976 357317
6424 602569
804 91295
4534 434893
3081 280446
7708 883571
8540 667013
1610 172284
2429 273151
1971 156402
5072 547456
1321 161566
8827 794559
9377 877256
6157 726260
1740 182045
3521 331503
4748 470885
5266 508242
9978 889530
4467 453337
2114 180038
669 55581
7670 768744
9176 921122
992 97787
9158 845264
1765 184133
8341 910043
6124 767744
8877 857129
1166 111062
7552 705074
646 66754
5494 508499
9382 844693
8214 777934
4571 464461
1044 97992
2347 208136
6534 603921
4762 469395
1690 163098
232 24254
6242 600508
1247 115024
3135 286535
9913 962058
6474 613842
9534 1055797
5657 565123
2171 228786
7616 873463
6899 744765
5287 480188
4445 428556
4536 404387
8567 804645
7184 740902
1842 187794
9875 1117400
1418 163257
8584 855527
2198 219405
3085 345923
4491 406361
3948 425192
4946 519243
7142 717537
7314 690976
7992 735832
7542 700495
2492 228699
2653 238013
9413 1072501
2307 201135
2671 214186
7336 929415
4249 403963
960 91644
9782 803292
7715 881697
5290 573305
2605 224589
203 21447
5235 535468
4256 417887
1342 108755
7402 676326
9498 926260
681 59621
8671 1005505
3683 401651
9002 899303
3801 367425
9180 996542
5084 484945
2480 200963
1656 169490
1240 140034
2542 255380
4418 380471
7783 768045
2575 259966
725 72286
9421 860613
2153 201482
5112 522549
3068 261290
9558 907363
6896 737952
2831 287565
8200 867416
2302 221614
5701 569906
5062 560232
2302 246700
755 67215
2007 231524
7803 750331
5710 626089
1429 139167
9826 838453
1160 99045
1266 134452
4841 501762
1144 102848
8742 852395
5029 538371
5115 511777
8383 814505
4682 563481
5514 636131
2092 167712
7355 660930
2961 291018
9846 1008442
8870 803803
5226 525855
5325 564872
5686 623675
7803 725914
5184 539198
4209 406530
1290 141160
9249 1021925
2461 282083
7699 730638
4957 555595
6114 628319
5522 520556
1545 163574
7682 766864
1026 107439
8115 958497
4863 479960
5530 562038
8073 764536
2113 224274
9866 1085367
6038 727627
7875 755345
2989 338587
5026 506047
712 70595
7704 812350
2496 239914
5250 546017
3833 383762
2155 213781
2556 314318
3538 315515
1424 161616
4113 441694
8623 749822
4016 424144
2856 288667
3487 322806
9762 983575
4077 432463
7223 711643
8485 878569
2567 291226
8293 931425
3537 377876
861 108825
4004 318814
393 41650
2782 272365
2320 253323
9929 1129793
5587 596907
9233 1051896
5303 574173
6531 829611
9288 822836
4625 436694
6187 620253
3252 303686
2977 302842
4009 419486
7528 724603
2311 226856
48 5080
1016 86639
5240 493178
4080 376220
4854 514184
1609 189944
457 47362
403 43277
9770 841086
1562 168228
4157 383838
6790 701518
8423 939690
9691 1030416
7314 664077
3133 280549
4874 437482
8660 872563
7760 766616
3820 321476
7610 782536
4946 530159
4342 445216
123 11662
9511 882301
374 35411
2704 246795
559 61902
1120 103716
5518 497922
5558 605552
8638 791617
7028 704233
4635 454077
111 10963
2891 294272
4038 443219
9654 1087479
6824 773208
6625 686831
4377 301449
628 60613
7345 826564
785 78009
1118 115138
3722 348691
4661 435990
6181 666071
6406 583380
6694 705642
7939 937148
7019 629476
683 76593
9001 854893
7115 649366
2296 209550
9392 915319
2618 263090
198 18437
7441 749675
8180 924167
7971 726773
442 47134
7714 695038
9477 1015373
5279 495581
467 48883
9171 911420
7668 679821
23 2295
6006 714173
8103 845356
6192 606215
3126 322674
69 6992
8113 681149
9326 944950
1556 147065
8317 858594
2120 223845
1696 205631
3933 375349
7413 646693
5794 697669
9752 885700
6190 513178
9020 1021759
5066 508156
3122 372954
851 95727
8599 773602
6706 625474
3041 255996
1644 176279
5029 511885
