500000
1000
1696 193775
1725 158941
38 3921
1476 150965
812 76410
619 54302
741 75169
386 40367
1980 200546
1188 118217
855 82992
709 74419
695 77810
736 82311
1093 97370
10 1022
660 67413
1972 203859
1088 124171
2209 237330
421 40587
2244 200217
613 54239
470 45335
757 72618
631 67376
853 84456
1518 142804
546 62469
785 80168
915 84115
671 66795
1513 135656
449 45684
956 97734
1231 110973
435 40822
341 36346
516 59796
723 82464
1962 219383
1499 127023
823 93155
1045 100787
917 94655
661 65538
513 55079
3640 323941
900 98598
1666 178881
633 58223
1094 104973
1953 205138
770 81848
468 41391
1204 121512
353 34517
1604 136583
1157 115858
521 48332
429 44112
468 47160
2827 314195
88 9713
3803 421569
531 46709
219 21596
1166 104569
578 46869
1111 87434
2336 268104
150 13348
626 63908
1560 153651
550 40911
714 83650
929 86637
327 32086
3753 406938
820 75012
717 70436
613 59988
728 59295
822 74003
1542 175064
948 85666
3127 260607
563 59489
412 36663
1038 107272
729 71034
398 32397
574 63686
296 32913
279 22702
2444 231751
998 92804
1675 150934
651 69089
549 51719
1749 146576
490 46360
187 18848
1079 93459
621 64688
1361 120111
531 53332
33 3284
247 23947
1663 166454
1159 116028
336 40536
2516 256571
698 74205
204 18421
2205 234994
1582 162864
1158 114106
154 16488
723 83441
281 26302
706 77639
1428 147295
98 9065
1694 150663
527 55938
506 48695
969 118635
870 98566
1615 134534
763 74219
672 66032
547 53059
423 38521
1980 191101
1275 141905
280 29535
404 39737
605 62390
789 94850
1185 118939
929 85265
563 58094
792 62116
1810 209798
1027 111301
1966 236936
1354 147892
727 63381
952 79973
537 56047
383 41288
1142 115764
1047 107623
1029 94496
1012 122774
1289 114751
507 51232
531 49684
353 27753
1724 165579
1242 128243
338 25931
1516 151555
261 24174
384 34654
884 100716
842 70618
1173 152550
1999 218303
1265 131579
1054 110072
457 51647
1161 109457
431 44082
512 47523
666 64369
1272 143338
763 80720
282 29177
249 23449
652 65820
306 28724
232 21430
1510 143519
894 94263
159 18916
935 93818
880 92405
550 55262
268 26610
2122 187629
880 67630
533 57999
765 81445
1100 133337
190 20291
194 20686
697 69718
1901 181412
783 77750
81 7754
1711 193395
1151 101315
1266 117438
2220 250350
917 85946
1555 139173
240 17242
1500 161839
527 53349
678 67692
647 54091
239 21488
1018 86087
764 89857
249 22632
1739 164709
1601 171589
850 99330
1854 196311
1194 115941
553 56093
437 40776
348 36384
1296 117669
1834 179580
197 20045
1347 127436
490 42767
1286 127345
63 6440
1496 151005
648 68011
374 34478
784 92728
2768 326384
1284 121465
867 85481
854 76186
1355 107857
1640 152161
303 29060
421 42490
1281 143690
1448 136058
1399 133082
78 9454
1467 162254
130 13253
403 38615
207 26264
250 24803
1009 100209
696 76979
650 66477
923 82949
2582 324743
1328 130128
75 7222
614 50246
178 17104
265 24560
321 29457
72 8818
351 38482
1146 156757
445 45374
1421 158267
586 56209
658 71754
1936 205869
515 53553
570 52639
821 94027
631 68169
2711 274460
438 46788
1424 143485
1010 102139
713 77363
252 28289
914 95573
1074 104033
818 77571
326 29763
486 48902
1535 162735
1101 129366
3366 335194
399 29410
191 18751
2059 178906
558 60836
1189 104240
1579 185089
636 73124
1838 215544
972 95516
1608 164544
543 51242
386 36723
1248 91794
487 42798
489 43859
1698 183787
1276 107910
592 55713
671 70153
1006 113916
767 80727
665 60563
2320 200711
358 33492
1862 215992
1029 87723
626 59461
1213 141778
167 17149
1242 132770
1128 99309
853 90166
1293 152160
706 77211
1482 159176
2400 257578
805 71366
478 43487
243 26598
912 92911
356 34819
68 7129
1172 100917
2924 281177
276 28407
2117 232526
370 38871
209 19946
150 17305
619 59503
23 2386
688 66077
2395 207175
1416 138598
1124 111621
1996 215219
1122 117579
1160 95410
1102 111293
351 40919
336 37828
642 61334
2329 220716
553 56471
386 38280
1113 121341
1064 119864
415 47042
293 29744
93 7480
891 90812
1840 188012
414 47025
368 33593
251 26323
2066 209198
1950 218497
729 70582
260 27329
360 33927
1548 184113
563 54890
1570 134128
1412 129914
838 84609
1071 100278
178 15891
1092 115284
647 54200
501 43276
215 21627
687 66832
766 81247
728 68495
1227 113582
716 66437
1085 102004
916 100812
180 18065
1159 114957
138 13955
824 91614
1413 142635
1428 115092
1072 95312
390 46742
2037 256592
489 53075
510 44275
1132 118279
1378 130695
1294 125536
1434 142698
900 84423
606 64009
1316 112316
961 103269
1925 202848
1864 203863
1707 165212
1413 161532
1383 121397
1363 131389
1883 205843
1798 177278
549 54231
2319 240342
1211 135728
732 68994
1610 152324
486 47349
4182 403668
418 37739
203 22408
2068 207610
2252 218073
740 86876
467 45930
823 89376
576 54967
784 81228
701 73504
958 76149
754 61077
1043 111889
842 94242
901 91798
1281 138144
397 38343
371 31931
266 27619
1295 137542
1446 148391
1599 143217
478 49562
1855 184625
964 82104
469 56824
760 69182
1058 101674
1483 136399
2333 231212
1535 146846
1839 194257
2142 232463
1165 120642
2002 195429
529 51167
133 14904
1665 160102
867 75419
891 81589
1025 119131
509 46550
1001 109533
1035 108149
782 73811
133 14493
864 78711
729 70781
635 62041
686 65720
376 42526
856 72312
1051 86446
1458 132615
818 87650
709 64733
1105 104425
70 6315
2514 212596
396 45135
3433 360672
416 46213
453 37710
715 75488
422 49481
1806 174023
761 78175
60 5957
1217 117597
1461 154459
2293 255460
1216 117158
597 64092
1085 102215
904 105192
1788 175177
505 55563
1850 229230
1272 150485
1218 105033
1558 147455
768 82701
1114 111754
326 32146
1086 94044
614 58196
541 59515
2072 203297
896 87076
1268 138121
658 57279
1198 108437
135 13738
1492 125223
218 19450
1263 117350
4511 466429
4292 397671
1105 111670
1580 177350
585 60543
1618 154854
3227 331713
2253 237168
2351 236022
1091 107386
2176 205645
765 77660
1614 172652
1999 194375
1220 107732
779 72479
866 85423
327 32080
1960 187020
229 27037
784 66381
1838 176018
2122 162722
534 61860
2227 268146
1272 114292
476 45152
2570 260987
573 52785
967 93956
1149 92287
507 45108
696 79940
2260 220366
1124 109191
363 37665
537 51598
565 56673
509 54573
229 24526
1083 106798
1766 166194
4699 502666
1353 147729
817 69977
1233 134667
700 63649
1588 168239
1600 176877
128 12995
599 64485
458 44671
1254 133186
262 25086
57 5909
551 58299
1006 92480
745 82201
1330 116454
984 94867
655 64104
461 42579
100 12131
116 12005
604 57041
111 11203
538 58658
1365 99339
1040 105365
1709 115841
1260 116696
650 70485
408 37919
4219 423323
1857 153323
1878 183688
808 82731
1860 182060
628 66251
374 33946
1207 118307
719 57878
1506 158006
2598 248307
661 56122
2207 222307
352 32048
979 92579
1188 125220
793 75580
1336 134192
582 62082
1046 112517
1321 131330
691 77889
2527 248332
615 63886
621 67873
343 30086
877 93721
1666 192277
407 38546
522 53098
325 31580
934 103522
3280 378715
943 93126
107 12091
654 65618
696 76145
608 65475
449 44825
1978 178476
1232 126522
738 69823
123 13179
160 16422
102 8623
542 51720
1077 120967
1380 131342
867 96326
359 34515
82 8821
734 79538
645 55798
1304 123247
2005 220339
2269 239238
663 64648
2099 195462
1869 181753
319 23668
1566 174716
447 46138
818 82861
1178 114230
569 66150
1350 126867
182 19119
1111 108124
1018 88099
898 105981
1497 176880
125 13588
948 92485
406 39848
414 36801
1205 113932
156 15742
552 54501
1271 145207
1504 172428
1150 108694
1262 129683
1023 103693
663 62740
1393 130013
609 61806
670 62721
1121 129385
49 4775
1781 164782
303 30785
586 60928
464 46504
1339 120459
775 69869
1230 125794
772 76456
1445 146100
808 78135
1169 100522
363 34720
792 81093
1285 127261
184 19680
172 14996
516 49064
2045 184194
581 59993
3022 289883
738 85737
1509 156762
1134 113738
1674 190128
1025 99101
1762 192883
83 7791
219 20374
1015 86414
1456 128638
2217 247005
656 62175
711 77285
704 71027
2509 268285
716 91583
2090 224869
523 53325
976 108713
456 46459
788 87801
1483 148278
904 82902
2208 184822
1493 140624
780 82233
97 9058
881 89061
2924 337655
1069 120626
454 43139
513 50495
1800 191822
1724 148344
502 50876
508 49213
1857 161892
1516 172554
487 50757
547 56357
274 28652
877 96770
690 76330
1431 135309
285 30016
1652 167888
128 12427
291 29832
148 14905
825 90679
335 34181
1551 141484
1857 158912
508 46032
593 64008
149 16927
304 31479
767 58993
1812 170286
322 30293
296 35609
871 89027
609 60067
30 2514
278 24232
770 68330
684 78330
386 38983
45 4297
342 32731
1476 185796
418 38011
261 25638
1020 118174
700 54449
218 19682
3000 282900
733 76660
556 54795
212 21507
424 35813
338 35835
1040 94792
300 25343
562 64794
646 73599
526 59690
2521 235678
467 50098
416 40773
790 75344
1903 166827
68 6934
1045 123259
1945 185113
123 13446
1408 132820
799 79455
1040 112531
1600 178831
680 58325
525 57582
1004 102586
924 100240
1839 195113
1427 153211
536 56906
1888 190727
491 49946
2187 219877
1604 181754
732 75413
516 48886
752 85467
284 27177
1817 206281
861 87521
1745 156703
188 18052
2794 282731
1779 195310
682 67799
2333 225382
718 78295
2176 246494
103 9162
1042 128781
528 51182
309 30150
135 11479
992 82529
1228 117065
621 68984
1166 122505
325 38085
4042 415805
1069 116487
423 40983
510 51359
877 85865
610 51226
1978 224460
2009 182866
764 69228
1450 138552
1308 118642
170 19758
235 24139
344 33229
2185 209901
2129 217696
910 98224
702 73813
2326 225743
978 108776
747 93536
1008 102282
656 67446
1647 165027
1091 90403
1175 94727
219 18460
750 75221
2162 192244
513 48570
1444 151576
1444 147773
202 22950
628 64826
977 61176
1477 147802
806 81073
856 76986
1703 157807
91 9597
596 62275
600 57059
497 50862
513 59572
225 26005
936 107263
57 6116
593 57934
49 6106
176 20765
2492 256116
1651 162545
1838 220717
432 44018
602 61474
2639 319925
749 69615
1216 119473
1356 139758
566 70854
170 18187
1650 208919
214 23245
771 62066
478 50562
739 78441
664 59955
718 70143
1228 109389
2218 221644
1143 108214
609 66944
1653 188497
1120 115394
698 75219
1123 119785
1083 116497
182 18239
212 21693
659 75609
1871 148719
2182 208908
728 90063
150 15823
798 82218
1195 116983
1610 151216
474 44482
383 39606
3505 354397
2237 235353
1059 109092
1363 133305
585 61640
2581 238464
1311 128418
889 92542
625 70010
545 50199
1939 180283
403 38434
450 49709
2467 211522
549 46934
1701 189683
1960 199299
1365 127672
1946 194787
153 13074
1325 129915
1912 170519
1225 125020
861 85909
1081 116643
478 38699
1604 150551
844 89566
166 17039
1406 154642
809 76233
835 87023
1067 92428
1347 144902
734 74359
1088 105540
447 47687
371 34035
1349 134578
1410 133875
188 16905
820 80919
2449 241464
1783 154976
1671 158512
387 45220
2044 204154
1913 210936
881 93951
789 84986
2791 275833
2476 276322
2011 196574
590 53645
896 95907
1056 125958
699 69562
1165 113418
1081 94477
943 79752
561 62756
1298 138704
2552 237073
1094 115790
970 88528
845 76143
2138 221299
614 49846
951 85374
1133 115672
921 88921
895 91447
278 29319
1312 145871
223 26113
1685 175602
