20000000
5000
1337 421155
4514 455914
6330 955830
710 139870
9169 2099701
5253 1623177
924 331716
6646 106336
8884 3704628
3974 1371030
3105 422280
6235 336690
9952 1064864
5531 719030
7386 1063584
8950 537000
4654 749294
4033 899359
6485 2178960
3420 1118340
2313 943704
3587 254677
4652 1442120
6627 3154452
3729 1443123
3803 1460352
1630 265690
870 1740
5009 70126
9441 1557765
7430 936180
8134 366030
4382 184044
4397 1152014
1128 157920
8386 3522120
5815 273305
1192 423160
5423 1328635
2998 1139240
4703 1274513
8472 144024
6645 2651355
1659 643692
6344 488488
907 10884
8136 1236672
730 210240
707 116655
5360 1222080
1346 648772
7061 225952
8007 480420
7084 198352
6428 2725472
840 412440
6192 792576
9835 3471755
2758 791546
8025 16050
9458 2118592
7696 292448
1089 152460
4027 1598719
9096 3729360
2846 1255086
5104 1168816
3658 1243720
4563 1939275
6089 1449182
9857 4770788
9200 1177600
6251 437570
9474 4140138
2660 638400
3954 751260
9397 2358647
1521 62361
8828 3813696
4659 1211340
15 5805
9274 1140702
6993 1195803
9107 2823170
7523 3753977
5285 1384670
7722 3274128
9023 3320464
2608 824128
130 9620
6994 3224234
3700 407000
1238 567004
2622 437874
7798 2994432
6100 2372900
2355 1149240
2620 26200
8352 4134240
2828 658924
4873 1369313
3966 1257222
536 187600
3122 393372
4613 1969751
5988 1299396
1242 403650
4582 1063024
7778 2706744
893 194674
1321 297225
7348 2182356
1112 1112
1797 555273
774 356814
3381 1345638
5923 1871668
8671 4084041
1421 139258
2968 540176
9203 846676
7656 3322704
6841 2982676
403 197067
1024 375808
251 78312
9664 4097536
3244 885612
3972 909588
3528 1446480
7263 987768
2305 53015
5394 722796
8179 2919903
4175 1298425
517 118393
2311 589305
9202 2116460
1719 661815
1190 260610
7343 1688890
1345 395430
152 50160
376 180480
5987 1903866
7720 1173440
8155 114170
5267 1290415
8933 3885855
3817 1221440
7309 613956
5409 313722
1877 510544
1537 665521
5273 833134
3301 221167
1465 52740
5176 232920
2538 256338
4981 1768255
1815 199650
9953 1303843
5492 1268652
9816 1796328
7800 179400
1435 410410
7892 331464
1907 703683
1834 682248
7400 2641800
2039 1013383
9401 1372546
6870 714480
4340 412300
8047 2526758
4209 1675182
9706 1582078
7877 1709309
8135 1879185
5387 1998577
5272 485024
7897 2116396
9043 1112289
2519 622193
1618 252408
7155 1101870
1381 223722
9030 1715700
4567 1109781
3190 1327040
4355 1402310
4542 27252
1364 189596
9731 3396119
7265 530345
4124 1789816
7926 1656534
924 60060
2357 428974
9027 216648
884 214812
8529 4051275
9226 2260370
2408 12040
9593 2743598
1597 213998
34 6732
4641 519792
4259 758102
1425 692550
8766 2191500
8454 1910604
6902 13804
724 219372
1622 290338
3511 1576439
965 409160
9607 1882972
4666 1236490
1855 836605
4829 632599
437 191843
5290 899300
2934 1443528
8436 1391940
5504 1502592
8339 2418310
1517 69782
1160 544040
2583 570843
4224 185856
2995 221630
4143 509589
9576 1647072
8574 42870
5231 183085
2568 582936
3691 1206957
6646 2558710
1313 312494
3324 521868
5845 111055
2028 740220
6697 1707735
5384 2013616
6173 2851926
7746 147174
8294 2753608
7264 1845056
3524 303064
3272 1564016
5870 217190
3123 771381
7686 2052162
9657 3418578
5538 476268
75 9825
299 136643
5292 1476468
7582 2577880
2987 815451
7332 14664
9477 2274480
8315 2810470
9855 1527525
7446 1883838
766 257376
8297 1169877
9097 4066359
9329 3442401
683 28686
9674 764246
4563 2190240
5361 670125
3703 984998
7410 2623140
97 41613
2084 475152
4495 1173195
4021 1222384
5358 573306
2326 744320
4333 1026921
4544 795200
6514 1205090
9270 1909620
8648 2940320
5175 1107450
9013 2794030
9507 2604918
5754 1559334
9318 4155828
1219 104834
1691 170791
3846 692280
3098 309800
2952 740952
9259 4222104
8899 275869
1919 88274
3817 1618408
4065 995925
7823 383327
5783 1549844
3147 1016481
5995 77935
4732 1164072
5446 375774
19 9443
2441 70789
2276 496168
6457 2460117
4855 2165330
9082 2951650
6799 2175680
4358 871600
4013 1745655
8887 195514
1064 136192
4969 1187591
5387 226254
2836 73736
8564 4264872
2175 500250
1136 491888
3382 1471170
5313 2173017
3013 578496
6368 165568
1469 296738
4770 391140
1750 148750
862 195674
8010 881100
7317 1968273
8119 3012149
5170 2192080
8303 3777865
5129 2323437
2512 723456
1753 757296
229 35037
184 87584
8079 1680432
3941 650265
81 17496
8510 2314720
1806 9030
4358 139456
902 240834
3192 842688
2244 195228
3646 444812
5162 2013180
9145 2185655
3275 353700
3436 828076
7968 669312
2007 586044
696 223416
4871 915748
6812 1450956
6695 3273855
7358 213382
7196 2065252
2888 540056
4152 1872552
2955 1149495
3729 745800
8371 1858362
4226 1419936
4629 870252
9688 4291784
6129 1421928
3207 554811
5163 1796724
1269 230958
4701 1626546
8777 2150365
9116 1039224
2850 532950
7173 2496204
7247 195669
537 255612
8951 868247
8063 249953
4640 575360
8743 987959
2330 559200
3993 946341
7096 2384256
1038 460872
9193 358527
3365 1568090
715 45045
9119 2772176
2162 657248
707 228361
1109 69867
9848 2412760
9240 2808960
1111 48884
1758 325230
7713 1210941
6939 638388
7778 466680
3422 1331158
9267 3326853
8305 2117775
7833 1778091
1990 292530
8123 1161589
3130 1064200
4899 1719549
9877 4217479
2202 497652
9616 1076992
1174 480166
451 17589
7185 2636895
113 27572
7681 2634583
8017 3623684
7457 1573427
6989 601054
5767 588234
5893 1178600
5889 2084706
6732 700128
1673 209125
3174 625278
4316 1942200
6205 2941170
202 22018
9570 3856710
3682 1111964
2315 504670
3946 1594184
7877 3560404
1958 567820
351 106002
1095 525600
7345 1549795
3424 945024
2722 130656
7245 1775025
7027 2895124
8935 285920
4074 1670340
2548 1136408
9202 3009054
8167 2539937
7398 3299508
6277 3125946
4405 1198160
5084 1748896
6072 1524072
3443 657613
6546 864072
6200 1754600
6114 2696274
7452 2809404
1288 432768
4416 198720
1487 615618
6187 2858394
4146 45606
5500 1804000
7252 1820252
8611 2083862
602 143878
4531 1463513
4305 2092230
7962 1019136
8200 1877800
5885 612040
6398 601412
3637 1411156
6515 547260
3748 1105660
444 1776
3778 834938
4944 519120
8522 2692952
3147 1447620
1308 248520
6836 2358420
5181 1771902
3762 774972
6922 2097366
1338 260910
4081 138754
6277 2730495
8459 490622
3017 253428
2830 885790
1963 204152
3031 994168
8781 184401
6458 3203168
179 35979
7871 2975238
8227 2797180
947 153414
5422 1534426
8154 1777572
7337 748374
975 293475
5768 2295664
3092 114404
8715 4069905
5221 945001
5051 1843615
8190 2072070
4938 1120926
3503 171647
9037 1111551
7144 1435944
950 349600
7800 3088800
8244 1698264
6551 288244
7639 2826430
1330 186200
3277 1563129
5708 2020632
4997 244853
599 153344
8038 1840702
6552 425880
1811 776919
7969 1808963
5711 1787543
330 84810
4906 814396
1386 220374
4046 995316
3216 199392
9613 384520
1649 89046
9841 2283112
5185 1991040
5563 973525
8033 1598567
7139 3041214
1685 552680
1153 134901
2541 167706
8402 1856842
5151 1534998
4086 1340208
5745 1275390
5497 615664
5197 836717
4542 1925808
5275 1978125
3778 430692
4117 1387429
301 90601
7150 2409550
4189 506869
368 2208
3660 1705560
8257 3740421
5518 1219478
1792 892416
1200 258000
8373 217698
9707 4086647
9200 432400
6049 387136
1249 474620
1120 23520
5533 1632235
294 99960
2554 1144192
7053 641823
3668 799624
828 303048
1508 40716
5002 420168
7212 375024
6368 1541056
7943 309777
6646 2073552
813 210567
549 119133
3709 374609
4304 2104656
288 130464
496 161696
230 82110
3131 563580
7570 3338370
4002 1768884
4573 626501
3663 882783
7451 1691377
3416 659288
3712 189312
1002 352704
9495 4519620
6556 3120656
2424 324816
8599 593331
4892 665312
9113 3499392
9293 1226676
8697 4218045
6623 2768414
4646 2151098
869 16511
3515 481555
6346 63460
9506 3251052
4076 2017620
6023 2903086
9497 2383747
8154 3555144
8675 3036250
2452 31876
3780 963900
6621 430365
5076 1167480
672 294336
3525 1727250
3384 409464
4601 285262
8990 1842950
5168 1436704
3906 124992
937 193022
8543 3955409
7273 2596461
666 276390
7852 942240
126 42336
1672 207328
4694 1525550
4094 642758
5580 647280
1574 679968
4524 298584
982 137480
1589 417907
4799 667061
6210 1372410
4675 280500
6298 1291090
8551 2838932
3817 1084028
3225 77400
9672 1624896
5753 2790205
1783 12481
2958 1354764
1620 380700
2890 26010
8867 3857145
5937 1246770
437 181355
9828 1670760
7208 1953368
7914 2033898
8622 3216006
9250 4245750
9960 79680
2037 372771
5115 1529385
1372 174244
6561 1423737
1556 659744
5023 1963993
6322 632200
8443 371492
2077 421631
4114 933878
5565 1046220
1594 592968
4798 254294
7792 1620736
9954 3792474
3970 956770
8427 2528100
6921 89973
4901 161733
1125 555750
8118 543906
3418 803230
7918 3753132
1437 353502
2577 180390
7371 3412773
4789 1613893
6993 363636
263 1052
6786 2171520
2495 968060
1636 538244
3669 1005306
4162 449496
8412 3432096
3162 53754
2531 1154136
3573 1768635
624 106080
492 150060
4048 1720400
9896 3889128
9953 2886370
5972 2078256
4609 848056
4280 2140000
3152 564208
5624 2463312
8754 87540
7819 2337881
152 20520
279 39897
4292 562252
646 109820
5073 750804
6217 2909556
3898 1637160
2750 291500
5401 37807
7449 2674191
3503 42036
9782 4822526
7422 1417602
3616 296512
8462 2217044
7972 2112580
969 79458
2488 179136
682 301444
9640 4501880
7316 3562892
780 63960
1718 202724
6665 2639340
522 204102
2703 1005516
6596 1424736
3779 940971
5135 138645
3106 363402
9526 2705384
3841 1547923
3604 1484848
698 273616
8808 4377576
9081 2542680
3616 1572960
8243 3775294
7623 708939
3155 940190
5629 1001962
320 39360
6725 753200
1196 369564
3118 988406
8550 2146050
4212 54756
4479 524043
4214 1833090
7416 511704
8916 1230408
5356 305292
4866 1654440
1859 425711
1355 273710
9239 2263555
3659 1591665
8007 2898534
5490 2174040
8841 1662108
5630 1593290
9214 820046
7034 647128
6437 1847419
2462 504710
8789 1942369
4915 801145
32 10976
1644 198924
9334 2034812
353 107665
2705 213695
6568 361240
160 29600
3780 1738800
5419 2633634
5261 573449
1045 51205
6675 3163950
6301 2091932
4417 1665209
4603 1693904
1053 392769
143 67067
3271 284577
5196 2140752
5475 2003850
5031 2435004
6116 960212
512 247296
6723 3253932
956 333644
7352 1264544
2433 437940
2140 971560
2232 546840
1609 695088
2238 187992
1118 550056
2834 1272466
5662 894596
6114 2207154
1105 325975
3226 293566
9508 3270752
3498 958452
4025 92575
3799 1211881
8322 166440
9853 975447
663 161109
560 171360
6334 1602502
8927 749868
9297 2361438
2407 596936
1478 515822
128 50304
3462 173100
7383 657087
2665 1135290
1454 552520
2140 513600
2784 851904
3004 411548
8053 475127
1975 677425
6932 838772
5078 959742
4487 551901
6552 1926288
3023 181380
9208 4051520
4243 1272900
3079 1487157
7957 2601939
6323 1852639
9753 1609245
2323 1119686
791 243628
3602 850072
9179 771036
2616 677544
7961 3025180
932 437108
2805 877965
7626 3164790
4338 1058472
7803 1584009
6204 2134176
1120 396480
9774 3157002
1780 841940
7147 600348
4680 1591200
3116 208772
5952 2839104
6223 2837688
5458 21832
1016 354584
1486 592914
2693 102334
5489 537922
9159 3059106
6202 1736560
9882 4189968
2907 1020357
5457 1811724
2512 944512
8293 16586
2434 742370
327 26487
7729 3601714
9563 2773270
8054 765130
8777 3475692
3256 1240536
7986 2619408
515 126690
2218 563372
7708 1819088
8036 1992928
1651 341757
5659 282950
5883 905982
339 87801
3986 809158
7723 393873
6600 409200
1881 342342
7680 1628160
1020 183600
7862 361652
3287 1229338
8023 1034967
5915 597415
1278 540594
460 27140
9762 859056
1268 384204
826 211456
7135 1020305
8751 3281625
6433 2251550
9927 3623355
9075 2132625
2979 649422
6725 793550
6247 2979819
5292 2646000
6957 779184
3588 1700712
8170 2181390
8756 2609288
3929 282888
2933 334362
3634 908500
9761 2147420
4787 1067501
3818 855232
4090 1942750
454 16798
6460 2532320
6143 2997784
8700 3975900
2392 786968
5439 1060605
114 16416
2187 249318
8518 2640580
1677 764712
2064 507744
7147 1136373
6919 2068781
9412 1270620
7095 2398110
4701 2289387
1603 335027
9606 4265064
4405 339185
6492 2590308
9521 2608754
94 6016
8187 1121619
6917 262846
1014 7098
3287 1127441
4345 508365
445 126825
1235 55575
1173 530196
3051 430191
9766 1875072
3997 1346989
8633 3064715
6893 1654320
7544 1946352
2487 281031
5467 1497958
8356 1579284
7716 231480
7385 1595160
2060 222480
8023 393127
3123 387252
8861 203803
2494 930262
9151 3925779
5280 1166880
5019 1892163
1833 168636
3545 531750
1342 587796
6831 2746062
9048 2642016
5353 1878903
8465 3047400
5215 1439340
5589 407997
8261 2899611
4429 354320
2884 625828
572 229372
9019 2859023
4805 1662530
822 378942
9162 2317986
7837 1300942
6141 1056252
8021 770016
3309 592311
2762 1287092
9227 2971094
3551 891301
7795 2821790
6269 1949659
4383 2081925
1543 587883
873 405072
387 135450
4245 798060
2604 874944
3113 454498
8394 4003938
1910 695240
8386 3371172
8250 1056000
7360 1516160
2715 453405
5348 738024
1690 6760
5054 823802
248 103168
2799 629775
3266 163300
7089 3303474
1514 102952
4361 78498
6103 427210
1733 797180
2711 764502
28 8064
1539 4617
1414 94738
5384 1437528
2080 372320
663 313599
6525 1520325
6100 1537200
1792 887040
6721 1875159
3062 220464
5886 688662
9034 4002062
5814 395352
8438 2371078
3324 983904
1457 470611
7083 177075
1492 329732
604 46508
241 33499
880 79200
6540 1543440
7217 1400098
9037 2150806
3402 1194102
6509 2440875
1930 393720
3073 1441237
7427 2443483
1518 180642
2905 1440880
7576 1371256
5307 790743
4542 417864
5134 1386180
5292 1682856
2743 139893
6850 109600
7343 2805026
5564 2731924
7835 2146790
8337 3626595
448 116032
9944 3450568
442 111384
5995 845295
1151 109345
2957 17742
6556 1042404
1844 877744
9390 3962580
5609 1721963
8885 897385
2116 922576
6781 2983640
484 179564
6816 1233696
1 176
3247 1558560
2932 149532
3967 1443988
5028 1664268
5593 1224867
4408 630344
4222 1709910
3007 1443360
1035 481275
2977 964548
6304 1380576
9367 1564289
2689 828212
1789 611838
2425 1178550
4505 567630
4815 741510
6564 978036
2703 462213
2068 740344
7565 552245
16 3440
4676 1529052
8025 2303175
4298 679084
8506 1845802
8501 3986969
3714 1452174
9842 3513594
2217 235002
8907 2752263
4095 2035215
9050 914050
9475 1127525
8568 4215456
3730 503550
2507 97773
6008 1153536
9894 4857954
1909 752146
3447 182691
1852 361140
6698 1560634
1445 368475
9730 885430
6664 779688
1083 183027
6468 1649340
1555 433845
6590 500840
6222 1020408
7559 922198
1756 621624
1277 157071
4040 1438240
5516 2256044
7050 1388850
1026 363204
8412 3070380
6118 1468320
3848 1623856
2233 368445
2956 268996
4624 1710880
5409 248814
6217 2872254
1497 314370
9738 2746116
2789 1366610
3001 444148
8016 2941872
8565 1670175
4335 1365525
5003 1340804
2810 1236400
2610 297540
4795 2359140
6024 1554192
8176 2420096
7100 2414000
8763 2313432
7534 693128
9275 519400
5299 2490530
2383 1148606
2096 951584
5692 1565300
8208 2905632
7140 2449020
4628 657176
224 55552
9934 4182214
68 29988
3790 1459150
1449 326025
4239 343359
3105 1139535
6951 2766498
2012 565372
2303 1050168
4020 1628100
35 1470
8707 3090985
9769 58614
7550 1781800
726 362274
9957 348495
6608 2411920
3097 737086
76 17708
292 89060
956 245692
3276 22932
5256 2454552
7383 3233754
8231 674942
4270 2117920
7080 969960
8513 3030628
5937 1614864
3598 1770216
7986 279510
8332 808204
6707 402420
910 228410
6469 3021023
8736 2978976
7932 475920
7846 1098440
4222 878176
1568 402976
1514 133232
7769 481678
1923 930732
2499 382347
6556 3041984
6154 2153900
7326 3619044
4130 1234870
2727 398142
3483 41796
4526 2127220
5715 2103120
7428 2332392
6241 3058090
2177 204638
5397 1678467
8565 2646585
1463 87780
62 28954
2780 72280
5012 265636
7977 2089974
5472 1067040
7417 630445
6643 1999543
3664 1047904
9643 838941
7210 1341060
3830 1436250
9852 1950696
1766 692272
1000 172000
555 188145
330 161040
1291 418284
9839 3364938
1825 167900
2698 984770
1919 11514
3957 712260
2362 829062
5422 2407368
5210 562680
4404 2043456
3536 1181024
9916 3242532
4193 985355
8543 862843
3626 485884
1779 234828
2035 345950
4544 1313216
7017 343833
3963 772785
3303 518571
5129 1954149
76 28576
584 277984
6377 1715413
1959 528930
543 132492
2778 419478
5185 2048075
6128 1231728
2289 425754
7053 521922
90 27360
4323 1322838
1614 387360
2094 374826
428 121980
4927 404014
77 35959
6723 2756430
9257 1305237
2222 888800
1586 467870
3558 690252
8928 2499840
6993 895104
9197 3255738
371 130963
2730 835380
7286 1020040
3224 351416
301 108059
2565 1043955
2792 1231272
2524 1092892
1328 579008
6675 1068000
6005 1495245
4209 1132221
9432 1461960
2755 1005575
9491 721316
4190 25140
3730 287210
3062 1433016
4681 14043
490 98980
5909 401812
6621 2098857
1074 337236
2308 226184
4684 1452040
3789 962406
3489 1367688
2460 24600
7541 3483942
4790 1623810
2145 731445
1713 661218
656 122672
5366 1781512
3356 1224940
2921 1346581
2359 618058
8028 3757104
5333 1749224
5460 354900
3061 1236644
8578 3525558
3164 971348
5346 219186
7952 3578400
2978 1390726
2462 654892
3525 341925
1072 504912
7819 2893030
4838 2293212
9943 2455921
5356 1215812
1415 401860
7063 254268
9670 2465850
3386 1178328
945 176715
6298 2506604
6709 731281
700 302400
1490 2980
3355 1117215
9768 410256
4398 1688832
1285 434330
3092 677148
1550 113150
7456 2878016
3589 1313574
3020 175160
2820 1221060
2875 1405875
3493 394709
841 182497
5558 994882
5180 2527840
7190 1646510
5346 2432430
8564 565224
6531 2932419
6554 2962408
6421 359576
2270 365470
8116 2994804
4579 1813284
5413 270650
6737 1239608
2378 447064
6872 769664
3734 1310634
5003 1250750
3425 719250
795 352185
7578 1136700
780 6240
6219 1903014
7454 3220128
5220 1351980
3553 511632
3204 32040
947 265160
1310 129690
5944 166432
9646 800618
4577 915400
1585 413685
9870 4471110
9372 2745996
7498 1994468
2373 818685
4117 403466
5563 2091688
8008 2738736
8931 2161302
641 281399
2851 210974
2676 1118568
2476 1109248
8832 3417984
4137 4137
1222 79430
8363 3596090
8868 2536248
8129 3275987
6477 926211
2029 689860
7916 205816
6870 2438850
4834 1053812
8832 3338496
4385 1596140
7137 2433717
936 106704
6474 1624974
8100 3863700
4590 1239300
8819 2398768
2256 171456
940 376000
810 213030
9850 4058200
4355 513890
728 111384
2371 1043240
2185 513475
2044 1019956
2648 105920
3874 1022736
8051 2817850
8359 1880775
5859 1072197
5515 2415570
3962 1061816
3948 110544
2943 1306692
5604 1933380
6681 1630164
233 17708
8831 1872172
4885 1206595
1321 606339
119 48790
7515 789075
7741 2577753
7361 1906499
964 95436
2423 67844
8738 4229192
2862 1179144
4100 787200
4031 1060153
5029 618567
1122 352308
36 15840
2117 859502
6398 1004486
1827 372708
3008 848256
1309 342958
6641 2603272
7356 1463844
6973 516002
6913 1894162
5727 1592106
3290 825790
3115 722680
1505 504175
6724 3106488
9825 992325
8550 1915200
9016 1325352
7084 2188956
4229 1497066
5314 1503862
7056 430416
7411 592880
9151 695476
1166 261184
6774 2831532
5170 1861200
6322 1991430
7353 2750022
3394 1615544
7217 3016706
6413 833690
1165 370470
7221 2996715
7842 2399652
715 217360
5766 495876
2112 413952
7185 1300485
2127 757212
564 231804
2696 1312952
9747 3304233
5914 609142
4500 1917000
8831 980241
2243 607853
9594 777114
2525 1153925
6816 899712
5562 2580768
5502 1408512
3077 1030795
8910 356400
9989 4505039
142 65604
7133 2546481
6019 794508
5986 2987014
1704 454968
8758 2907656
9391 1408650
4742 2162352
2104 42080
6091 18273
5816 2704440
4887 2350647
1922 109554
9596 1679300
1367 658894
1629 487071
2157 601803
2613 872742
7818 304902
7365 795420
8324 1107092
8512 2451456
4691 469100
7575 2673975
6399 1951695
984 186960
9276 2866284
7784 2397472
1295 486920
6964 2144912
52 18928
4450 169100
2102 195486
9485 2200520
2622 647634
6786 956826
817 267976
2157 895155
39 11856
192 15744
571 79369
1117 310526
6079 85106
7182 3231900
8373 2084877
4860 2167560
1109 173004
635 224155
7322 2262498
6182 476014
1163 374486
8268 636636
8028 2239812
5453 414428
2274 784530
140 19600
8248 2062000
5470 2138770
5291 1195766
5754 1127784
2879 984618
540 73980
5284 1638040
1108 376720
5291 1095237
1870 613360
5405 1162075
508 89916
4093 1125575
7731 3540798
8402 1671998
6414 519534
1571 185378
9507 3194352
6029 560697
2959 535579
5263 731557
6122 434662
5232 1669008
5147 1096311
2301 899691
2291 183280
1132 166404
5583 1736313
3723 227103
6422 276146
8391 2584428
6276 2033424
4666 1301814
1376 476096
421 7999
9964 2202044
528 251856
8471 160949
3394 661830
4679 1829489
53 16642
8010 3708630
4359 1451547
1944 328536
6387 3097695
8221 1981261
5893 341794
7228 325260
8694 2912490
881 380592
6153 369180
5322 1740294
3786 560328
6472 1378536
9712 3195248
1784 256896
1020 474300
8520 2709360
7443 3222819
5826 209736
7431 1538217
6897 696597
3082 1155750
7409 977988
5829 69948
3700 140600
238 27846
8175 743925
5184 383616
5161 237406
3807 845154
4211 547430
8840 2280720
6852 1466328
7443 3669399
8099 793702
5855 1258825
6041 1776054
3913 684775
1951 901362
6713 2403254
2962 879714
1955 838695
9484 9484
5421 2352714
3562 562796
4037 1425061
5151 1916172
9219 4286835
7712 524416
6583 921620
1956 271884
795 122430
2396 289916
7672 2646840
8673 3278394
2880 1080000
4962 952704
3488 603424
8052 3397944
8922 892200
6423 1040526
3619 347424
7241 1520610
2842 980490
109 2943
3748 832056
1792 161280
4158 1688148
9420 4163640
4086 1233972
620 125240
976 453840
2197 547053
5540 908560
6626 1762516
6645 2717805
8796 738864
4726 538764
3600 1238400
6855 939135
5463 1458621
1964 3928
8278 2284728
440 161040
2472 566088
6125 2015125
1613 272597
6296 358872
4092 306900
2997 92907
3330 449550
950 394250
9997 3728881
5761 1365357
4546 1600192
7032 682104
9861 2573721
614 256652
9908 753008
1727 191697
7916 182068
8823 273513
5763 1550247
2062 158774
2192 523888
5896 2558864
349 135063
9194 2142202
2427 931968
74 16206
8084 1713808
1737 69480
6413 2648569
7085 3499990
7905 1747005
8797 879700
576 268992
6347 1186889
9126 4170582
2038 670502
5738 602490
8798 3695160
2020 502980
5184 938304
5362 391426
2802 44832
4259 1362880
4447 262373
3185 404495
6413 160325
7298 1335534
9125 3586125
938 330176
3155 1463920
6876 2454732
7241 753064
3925 1216750
366 124440
9437 622842
4045 1164960
9056 3522784
4376 1387192
2327 309491
4527 579456
6658 805618
6441 154584
8259 355137
1275 281775
9896 1652632
3653 894985
8179 588888
2670 234960
8724 2686992
4476 1418892
5521 1148368
2909 509075
9608 1277864
9921 2073489
5449 1830864
675 139725
5662 2536576
6978 1688676
9849 3023643
6375 2301375
7549 800194
2599 636755
4733 2006792
8532 691092
8701 3436895
9576 143640
7921 3033743
5129 2426017
2862 483678
2537 550529
2737 446131
561 186252
5204 1722524
5616 2094768
821 107551
3650 47450
735 110985
7938 1611414
5107 1685310
4116 1848084
203 49329
2101 831996
2111 916174
8511 3702285
8338 1525854
42 1050
5008 1867984
2517 568842
6747 2941692
6160 960960
9269 4087629
3229 590907
1797 370182
9021 2489796
8803 4146213
5087 1373490
4366 1728936
6260 250400
3097 783541
1777 131498
9533 3069626
1591 692085
4602 2153736
9960 3665280
7863 3074433
8276 1100708
2700 864000
3661 1175181
969 283917
5892 2598372
9614 2788060
2526 53046
7998 3031242
2067 382395
9758 1805230
9201 3395169
3737 396122
7094 2262986
1952 212768
7450 2197750
5067 309087
848 309520
2246 831020
3599 1695129
1863 195615
7230 2161770
9974 4169132
3143 1543213
4320 138240
2158 90636
17 5525
1247 148393
8219 4109500
6887 1818168
340 28900
7450 3359950
593 183830
8595 2449575
9833 3008898
7795 2369680
1268 434924
9979 99790
2406 74586
9388 741652
1268 140748
3407 344107
385 7700
2 746
6483 1776342
7392 2010624
2692 549168
1390 514300
6950 1598500
1765 698940
3312 778320
4 1124
8934 4198980
188 41172
2892 1191504
1334 490912
2375 935750
6255 982035
5519 860964
2156 513128
5650 418100
1057 225141
9705 1659555
1947 700920
4566 598146
9943 1451678
6707 2602316
6303 1039995
3174 1155336
4398 1213848
1853 791231
3033 209277
7369 3581334
2228 104716
5775 1553475
3166 924472
2097 918486
8176 1087408
4955 148650
4244 1052512
1866 391860
7652 91824
8023 906599
9379 4042349
1180 277300
8603 1514128
1457 536176
7293 1626339
6131 643755
6221 1934731
9995 3498250
9648 984096
631 276378
4198 705264
3940 776180
5544 1934856
3734 216572
2581 423284
7878 3056664
9792 4230144
8573 2323283
9292 845572
5946 1908666
2742 367428
7017 252612
2314 536848
3377 557205
8910 1523610
8146 3201378
3382 1433968
6204 1408308
3534 1742262
2138 583674
544 144160
4081 546854
7555 2818015
6448 2379312
8274 1356936
6015 2345850
5734 2780990
2036 181204
7370 1157090
7567 2406306
9277 4072603
6187 1948905
3432 593736
4376 687032
4941 1551474
2908 343144
3266 395186
5329 1268302
6805 830210
7696 2231840
5615 1291450
7172 767404
2265 448470
5212 323144
587 209559
6185 3086315
2594 1271060
2179 350819
8900 1290500
6227 1743560
7907 600932
8214 3063822
2399 285481
6121 1934236
5521 1915787
6053 2300140
6881 1032150
4058 64928
3557 277446
5539 1307204
5507 1007781
7996 183908
9368 3428688
2503 205246
4015 859210
7002 630180
3035 330815
971 118462
9948 2685960
6623 2821398
6425 32125
3664 194192
2745 565470
7125 1653000
5240 2405160
866 180994
2205 183015
8146 1800266
8516 1124112
8747 4067355
811 145169
1324 162852
1854 571032
3175 968375
1653 362007
3526 729882
1066 370968
1191 509748
6839 731773
3374 246302
1653 312417
1194 459690
7749 2495178
5816 1925096
9375 1678125
5288 1702736
3909 1727778
3088 1022128
5218 1528874
1283 289958
4808 2384768
30 8760
1901 403012
3549 1678677
9355 3358445
9008 1459296
3578 282662
8271 2977560
5551 2570113
9068 3599996
626 195312
6621 1344063
8437 869011
4108 1487096
353 36712
1997 674986
2971 763547
9278 1438090
4768 972672
8772 2096508
4935 340515
2539 855643
5891 2144324
2172 564720
209 38665
3307 750689
7570 1514000
3219 917415
2446 354670
5746 1442246
7832 3375592
4106 262784
3112 1335048
2480 783680
1259 221584
2757 816072
3272 1413504
4963 352373
1794 14352
341 100254
575 72450
6191 2117322
7072 3097536
4888 1222000
4393 861028
2874 540312
9207 3912975
9137 3554293
1107 100737
1260 549360
3712 397184
9115 1914150
1301 84565
5739 665724
5890 1372370
3142 1153114
1918 93982
8632 2857192
744 168144
2785 55700
6151 1076425
9537 1773882
4729 1007277
7829 180067
8755 1409555
6798 2148168
1643 698275
8380 3838040
2653 557130
4025 1589875
6954 20862
4373 1001417
6159 591264
7581 3699528
3693 1576911
4034 770494
2128 817152
3410 842270
5166 1926918
8346 2578914
8775 4343625
7395 354960
2721 832626
1637 94946
9543 4103490
2492 550732
6504 247152
7514 3163394
5496 2357784
4721 18884
3948 1022532
6171 2925054
158 65886
7645 1895960
7070 3535000
4322 743384
118 10856
628 257480
2307 1137351
7559 604720
7883 3839021
2223 606879
5769 2630664
2828 1326332
6625 3087250
6038 790978
1774 535748
179 82161
6808 1109704
2957 703766
1806 135450
8186 2578590
9269 268801
3697 399276
5214 2330658
9216 82944
7090 489210
435 206190
9901 4178222
4023 1029888
19 3895
1341 394254
3083 789248
3534 791616
3597 1485561
3737 1677913
9548 916608
7985 2020205
8653 3357364
9662 3372038
3904 558272
9306 4438962
7285 1624555
7350 1786050
4942 1561672
8589 2404920
3446 1192316
2623 702964
3652 697532
8766 1402560
8919 3219759
1533 72051
3391 254325
6233 1340095
3572 450072
3278 878504
3844 826460
809 233801
1276 326656
2571 377937
7958 3891462
4036 843524
2617 813887
7355 1985850
1847 602122
6169 808139
6271 75252
5926 2251880
3144 282960
7835 2326995
9569 2966390
3036 24288
3368 1178800
2431 595595
3919 250816
7092 1014156
3343 949412
4963 268002
1080 3240
8226 2163438
9418 1572806
1017 245097
8633 1752499
8781 1879134
9332 326620
6498 1124154
5055 30330
876 98988
8046 1585062
1408 271744
4263 468930
885 254880
6392 3157648
7669 3190304
3744 771264
7714 1573656
7469 2457301
3743 243295
3515 864690
6583 2942601
6665 1706240
4940 1210300
6322 1409806
504 175896
1514 272520
6571 2496980
8506 2806980
5573 835950
4194 729756
909 169983
887 244812
4474 1422732
9031 3377594
3477 1112640
7861 1139845
1236 443724
3660 1573800
3803 45636
181 10317
5600 1148000
4121 1755546
3352 1317336
9996 4908036
4875 463125
4229 1179891
8180 2134980
680 80240
9838 1347806
1964 117840
5550 1370850
7913 1590513
6137 2528444
4816 1714496
875 290500
3900 1146600
4946 751792
6189 680790
4764 466872
2617 960439
4977 970515
4887 2111184
7015 2483310
2980 271180
607 4249
8391 813927
3252 552840
3498 1087878
2178 1067220
4618 489508
8967 2071377
9705 1824540
2731 1308149
453 141789
1119 358080
8289 4094766
9701 3123722
2083 985259
5140 1233600
7412 2208776
6013 2026381
614 81048
1016 471424
1324 366748
7325 285675
6689 3003361
7999 3359580
3182 1578272
27 12123
2285 313045
2763 1152171
4262 106550
8812 1700716
7685 192125
6557 150811
9205 1196650
1832 877528
1496 263296
9674 3560032
4300 2029600
3888 1430784
6474 912834
993 106251
2442 405372
8804 4313960
4616 1154000
1160 272600
1547 343434
4248 1852128
8948 3239176
9031 2682207
7113 2589132
9520 333200
1746 717606
5621 2782395
6317 1212864
5994 269730
4887 1065366
6768 859536
4794 1639548
9596 1391420
5629 2392325
707 277851
74 25382
4377 468339
1933 664952
3859 1292765
1457 301599
3857 1072246
169 83655
1801 887893
6295 1630405
7665 2046555
4893 464835
4089 400722
5934 17802
9204 1058460
8598 1530444
3054 335940
4008 408816
9408 2869440
4504 1864656
5255 2601225
5124 1086288
5130 76950
7365 198855
7260 123420
2662 420596
3966 1685550
3404 1075664
5234 1313734
4308 616044
5936 1875776
3313 1557110
3044 410940
7848 3288312
4944 346080
5 710
5679 1073331
338 142636
7135 1669590
7331 1935384
7692 1123032
5113 460170
8642 3318528
4270 102480
2901 968934
1027 230048
8384 1156992
4236 271104
1966 206430
6176 1636640
7390 110850
6121 2919717
6796 2820340
6495 2234280
7722 563706
3911 1834259
5619 2528550
6200 291400
4168 1558832
7217 584577
3191 277617
3574 1576134
34 5236
4830 1439340
7916 387884
3775 1355225
4845 1429275
5204 738968
3360 346080
5315 1573240
4665 415185
6081 212835
4686 2296140
3735 377235
5231 2416722
8832 2905728
8912 3716304
4496 1483680
2472 355968
8061 3272766
2596 918984
9465 2527155
7068 2226420
9211 2330383
8946 599382
1868 521172
5571 1916424
7388 1588420
604 285692
6251 343805
4330 814040
1736 706552
889 290703
6782 868096
2719 924460
2687 634132
8514 2486088
2286 1115568
1092 115752
3161 527887
1612 502944
8512 1940736
7046 2261766
1565 323955
2892 948576
6860 816340
5522 894564
1412 543620
6459 1705176
5963 1365527
7056 1785168
161 21735
2371 343795
2811 1087857
3558 1046052
4924 413616
3124 1518264
3612 1361724
9572 1962260
2341 175575
3177 606807
6692 669200
3268 1408508
6852 1253916
2735 363755
5979 1219716
9523 2742624
8556 3627744
9306 3852684
4239 546831
4413 1774026
9517 3378535
7506 2041632
259 27195
7184 2385088
7937 3135115
6649 1768634
1293 415053
4751 489353
3166 72818
2509 622232
4763 971652
7553 203931
5619 56190
2200 288200
6033 84462
4629 2073792
5875 452375
6485 2704245
8916 2719380
4051 24306
8522 3442888
4911 2121552
4789 2236463
8828 1862708
9951 4060008
8558 1728716
6155 603190
5972 836080
3628 446244
4160 70720
4543 1971662
936 434304
6628 291632
8819 2151836
7585 2449955
3359 26872
4746 1390578
7743 472323
8879 3125408
6023 981749
8951 3079144
3868 73492
357 172431
863 36246
5607 347634
5403 1004958
4037 1691503
6087 1856535
9916 2112108
371 132447
2395 505345
8453 1851207
625 280000
8156 3556016
1002 227454
7209 1081350
4798 849246
2658 1137624
5138 513800
3031 833525
362 133216
8353 2998727
2718 959454
2703 310845
5218 1841954
709 253822
9888 3035616
4705 1477370
4832 1995616
1094 347892
6689 769235
8811 1295217
4896 1106496
8381 310097
9727 593347
7645 3142095
1114 245080
6416 2476576
6659 1391731
7584 963168
2290 192360
6429 1909413
2083 212466
8586 171720
5930 2864190
3666 1803672
1384 561904
4088 1917272
1314 160308
4222 1342596
4561 1112884
9116 4248056
7771 1227818
4079 1031987
2961 1370943
7457 1976105
7810 1319890
5731 2521640
4670 877960
6665 913105
6845 1813925
3838 280174
1875 420000
8745 2291190
8289 3862674
1707 826188
9356 2170592
7243 3310051
2122 967632
5016 366168
8518 3543488
189 56133
6523 1552474
6112 3043776
6926 2486434
9970 548350
5523 1794975
2192 230160
9341 1494560
2564 856376
8784 3680496
106 9752
9778 2336942
4564 41076
8519 3475752
487 177268
3492 1225692
4312 2026640
9089 618052
1772 668044
8792 3085992
8332 3957700
3116 1003352
939 415038
7615 2657635
1776 239760
8187 2349669
4667 816725
3068 727116
4875 789750
3843 941535
3860 312660
6406 1242764
6946 104190
4160 490880
4864 719872
9479 530824
9135 2822715
5425 569625
8894 2837186
9866 3897070
1571 686527
2129 25548
8301 240729
2601 494190
414 193752
2166 309738
2709 10836
5909 951349
4499 278938
478 38718
1083 536085
9161 1447438
1770 635430
5318 1680488
1357 384031
4615 2196740
5748 1356528
4002 1796898
5989 2515380
7117 754402
4138 1584854
2071 733134
8053 563710
6007 1399631
5718 1532424
3505 1538695
8800 2437600
575 204125
5105 1822485
8531 1245526
3991 874029
6364 1018240
5622 320454
3370 795320
7906 1660260
1653 517389
1043 433888
1990 155220
2481 741819
6948 1347912
6812 2479568
6812 422344
2098 990256
6765 1670955
8120 121800
529 167693
7732 672684
8902 1059338
5063 911340
6903 3444597
394 157994
2627 112961
8810 1559370
5523 143598
7243 2810284
425 197200
2842 1210692
7132 827312
144 57456
6914 2558180
4669 18676
6200 2263000
6883 2484763
8381 3687640
1848 343728
1908 623916
9148 695248
6906 2299698
8099 3263897
6234 1764222
5159 319858
8166 1257564
7266 937314
1881 150480
2702 775474
4011 1901214
7828 1369900
2908 750264
4533 2225703
5090 1786590
2082 4164
6743 1092366
8172 1046016
2076 91344
5196 1704288
7217 1385664
62 27962
5051 873823
7320 2247240
9080 3904400
4013 80260
5736 2208360
9847 738525
6204 769296
184 84824
8158 3467150
8246 3438582
8926 2597466
9057 1340436
250 122250
1618 355960
349 18846
667 39353
25 25
8331 3349062
2482 704888
2625 456750
9583 852887
4332 86640
243 31104
2938 907842
113 23052
6902 2954056
669 204714
8008 3403400
3970 353330
521 6773
6734 2606058
2454 834360
9803 2637007
9347 1261845
1982 105046
398 21094
4231 1298917
994 403564
9844 2864604
3208 1324904
8622 801846
7422 3287946
4353 478830
9882 1027728
4255 1719020
8966 3846414
9594 2197026
650 82550
7318 3498004
1777 573971
1596 523488
4645 376245
9104 1893632
8133 2155245
9090 3017880
3218 827026
9141 3729528
255 88995
3291 937935
213 26838
9625 1559250
5903 2603223
770 304920
5690 415370
3128 147016
9633 1965132
4919 44271
6965 1239770
4386 258774
5347 449148
7569 1634904
4341 1258890
8277 3062490
3278 1517714
1545 537660
103 45835
9364 1807252
512 72192
5665 67980
6391 683837
2987 994671
7497 1214514
26 7202
7801 3580659
2826 717804
9703 2503374
1468 478568
6297 2185059
1009 141260
7814 3422532
4398 1218246
390 92430
2621 220164
8830 3169970
5974 1726486
7327 2300678
8176 3343984
639 260712
603 24723
3129 729057
8168 2899640
3461 69220
2982 730590
1944 293544
2610 1004850
4488 1575288
7597 1063580
4469 1868042
2102 758822
9385 1060505
5937 2725083
7086 155892
6464 239168
586 265458
1094 359926
3306 466146
7273 414561
1556 200724
9100 1419600
8233 3128540
1845 470475
6849 1691703
7517 2503161
5946 2788674
6365 2202290
2087 926628
1355 116530
1758 114270
5211 302238
523 203447
3187 1163255
7711 2860781
5424 1111920
1180 112100
1382 529306
1235 529815
494 150176
352 53504
6570 2838240
5127 2281515
5926 2465216
4026 805200
4875 253500
3935 1455950
498 152388
4241 530125
502 192768
2115 524520
7356 1861068
9333 1623942
3272 346832
5451 2191302
9053 4191539
3623 1311526
7294 1415036
1931 108136
5438 2708124
1382 12438
8336 858608
9453 2221455
6189 383718
6609 1255710
8101 1701210
674 56616
5371 1031232
4535 657575
8386 2582888
1580 538780
9840 3571920
1956 125184
760 153520
5912 951832
4174 1886648
2419 423325
1728 347328
606 47874
6429 1947987
5047 565264
2123 123134
8761 3355463
4086 1393326
8589 2276085
5979 2535096
6041 628264
3540 916860
6241 106097
107 20437
5388 1912740
5146 2217926
1235 274170
1422 705312
2353 30589
7249 2268937
9307 902779
5451 501492
5425 2381575
8288 704480
3810 377190
5976 1876464
2780 511520
7338 220140
6146 1124718
1486 699906
7622 3567096
8087 3275235
3419 844493
4683 313761
5199 660273
9793 3623410
5961 137103
4690 1327270
1440 685440
8748 1907064
7210 2884000
402 63516
2953 1225495
8399 167980
5965 2529160
3817 664158
8860 1160660
5896 1202784
8312 2194368
1879 251786
7292 2486572
7058 2166806
42 17388
6079 2474153
2955 1359300
8544 649344
9087 854178
2938 282048
2688 913920
3302 399542
8237 2067487
4688 1800192
8514 93654
5828 2033972
4016 1192752
415 107900
2662 724064
6196 724932
2246 42674
8225 230300
7023 1081542
5504 33024
5807 23228
8285 3305715
4780 1505700
3077 892330
8507 3164604
5333 890611
6464 924352
7203 1044435
869 82555
1850 838050
8100 121500
589 282131
2016 610848
1142 566432
225 22275
951 428901
3788 996244
9218 4120446
5683 2193638
8931 2188095
4201 1071255
6933 131727
2218 226236
3965 1883375
1248 555360
1976 331968
5996 2926048
6871 2535399
6264 2117232
5883 2435562
1919 178467
3077 76925
2789 808810
9283 2283618
3710 1424640
6684 668400
8268 3133572
681 76272
4013 1043380
195 2145
4793 1687136
9725 4648550
6522 1806594
4693 1192022
9312 270048
4082 1261338
5790 2281260
1159 248026
6761 3157387
2983 1327435
1434 556392
9411 3689112
6875 1533125
4478 237334
322 35742
5212 781800
6129 1391283
4222 945728
5263 405251
7087 3394673
8529 2055489
7236 3343032
8843 4094309
4751 1605838
6643 2039401
9379 281370
1602 334818
8244 3767508
3337 380418
996 204180
8927 2169261
605 218405
7490 1835050
2807 370524
6487 467064
3344 1511488
4042 1350028
7175 3078075
6326 2207774
9163 2116653
2698 523412
6770 3344380
5406 373014
3748 22488
9559 2160334
6616 258024
4769 1945752
5441 1273194
4457 2054677
616 205128
1333 377239
3001 978326
6507 1314414
8985 3800655
8227 2139020
1581 521730
4687 2076341
6919 733414
2937 693132
1639 645766
5949 2141640
2553 582084
899 439611
6012 138276
589 44764
4639 742240
3397 580887
9579 4339287
7319 578201
4967 183779
2424 446016
951 180690
9417 866364
6728 2341344
9452 1729716
395 178935
6050 229900
4685 1691285
9252 3765564
4611 1032864
9536 3957440
2057 80223
4764 1067136
2612 91420
9838 2518528
5134 1781498
9737 3885063
419 120253
3502 7004
49 12152
3917 1030171
1898 119574
2309 348659
5669 1757390
934 202678
6434 2541430
3354 1294644
8317 2786195
9604 4619524
6381 925245
4244 1307152
8551 2779075
7074 2086830
8085 2999535
7322 995792
2858 1226082
2898 498456
2265 640995
863 306365
798 333564
1574 344706
7645 496925
901 287419
767 191750
5638 157864
7916 775768
3240 398520
1508 655980
8552 949272
4050 400950
6953 278120
8012 1522280
2300 462300
8302 4109490
1302 351540
738 209592
8860 1949200
1733 486973
1541 670335
6042 1341324
9023 415058
4369 266509
7489 831279
1376 668736
1482 604656
324 51840
1843 31331
4513 1904486
398 151240
5189 363230
8531 2149812
1768 318240
8417 3838152
5340 1981140
580 30160
3120 976560
9328 4337520
4769 1859910
659 275462
4499 1322706
7456 2475392
6389 1054185
1722 628530
9061 3705949
5290 2036650
7374 1762386
7717 918323
63 5292
5225 1222650
8754 2775018
2363 1089343
131 11659
5402 1291078
4931 2199226
9311 2700190
1918 239750
6274 2384120
5332 1460968
5577 1293864
1081 29187
9576 1197000
5187 1639092
4897 861872
9482 4741000
3313 506889
5455 409125
8139 3784635
7794 249408
6075 935550
5853 2089521
9827 1552666
7260 479160
2515 1011030
3908 1012172
3736 982568
540 28080
3042 751374
7565 3502595
4318 639064
5372 2648396
2731 619937
127 54610
4259 1954881
1256 223568
989 8901
7179 2534187
3554 1702366
6972 3451140
8352 701568
3904 390400
137 59184
3223 744513
5249 220458
3613 151746
4649 748489
2087 920367
3104 93120
7109 156398
572 283140
2473 546533
8380 410620
1181 66136
3698 77658
1968 401472
1845 695565
9813 1697649
2218 248416
7835 1864730
4833 2339172
7985 3633175
3923 1502509
2722 405578
6521 1780233
1990 704460
3188 102016
4424 778624
5423 2646424
4986 1311318
8225 2878750
6722 2077098
8510 3820990
2685 636345
114 912
9033 1309785
4014 176616
4682 1020676
2395 960395
825 320925
8786 1133394
1478 663622
3162 98022
7415 3403485
2279 102555
6237 555093
6223 2688336
4060 328860
1145 359530
7282 742764
4949 1247148
6943 902590
1884 376800
83 21912
4036 746660
905 321275
5647 2174095
7299 912375
491 137971
9806 2824128
4222 721962
5855 2248320
6369 299343
821 318548
9105 1210965
5619 837231
486 145314
1836 473688
1070 522160
9063 2909223
4325 912575
2309 73888
4831 1294708
2344 239088
4941 2035692
2690 642910
1761 357483
4667 1516775
6118 789222
8306 3812454
3760 1665680
4860 1297620
2315 895905
6852 2007636
5879 1616725
3655 1626475
5871 2072463
5208 1593648
6169 1307828
9915 822945
72 6840
2134 162184
4941 2213568
9109 2933098
5316 451860
6344 1129232
6142 466792
7227 3194334
6094 1608816
7695 1785240
5251 1244487
5687 1984763
9342 485784
9403 1532689
8368 1665232
5309 2452758
3887 1131117
3020 788220
7158 78738
1831 644512
2113 676160
3053 1285313
7230 802530
9087 3107754
2341 664844
8663 4036958
4221 1490013
489 211737
1005 323610
6356 1544508
8405 2672790
294 136710
2359 636930
1558 322506
9499 3562125
62 1550
6295 1838140
8840 1626560
8641 1624508
6851 1877174
8637 1183269
6084 571896
2883 504525
984 228288
9462 4532298
927 13905
9506 3954496
9093 527394
4024 1179032
1596 600096
6971 2509560
1815 257730
9513 228312
4083 1837350
7662 84282
2951 277394
4259 681440
3251 503905
9997 1189643
5953 1952584
4179 2030994
5730 842310
2243 1011593
5039 1970249
7305 620925
3515 1557145
4950 396000
3880 1680040
6259 2553672
5983 1070957
9236 240136
305 113765
8870 337060
2619 162378
3612 686280
7076 1988356
5844 87660
3788 1329588
1577 164008
776 285568
8405 663995
9002 4212936
6992 2957616
4008 1923840
2834 952224
6958 1495970
3245 87615
5789 1950893
6641 710587
9509 3955744
3641 979429
9896 564072
2695 342265
4749 878565
8169 3071544
9425 1545700
9660 4433940
8137 2986279
2391 310830
509 109944
930 299460
4100 196800
5718 1503834
9300 753300
6272 1925504
8701 2601599
8808 79272
2186 185810
4026 80520
3671 627741
4224 304128
9724 2567136
2918 1380214
7550 302000
729 260982
5093 1415854
3172 1351272
8260 974680
7374 1784508
1047 162285
8272 3780304
9098 463998
4010 1748360
8037 3037986
9201 947703
5508 1173204
9829 4246128
6527 1240130
4311 1288989
4846 1274498
3011 912333
2523 557583
7293 196911
327 87309
9052 2253948
4100 537100
319 43384
5703 2332527
4267 85340
6146 258132
327 96138
8012 3421124
8156 1410988
2892 248712
7348 1792912
9248 1359456
2615 54915
676 304876
3231 781902
3267 258093
7082 2075026
8847 521973
5574 2708964
3745 1831305
6913 553040
5405 702650
5506 974562
444 111000
7376 272912
6618 3209730
630 56700
4608 2027520
3690 59040
6948 2035764
6075 510300
9510 123630
3943 1119812
5161 1512173
8259 2378592
4498 2199522
2867 561932
6101 140323
7637 595686
9141 447909
8658 2666664
2205 33075
769 99201
8284 853252
8969 3632445
2636 453392
268 119260
9092 4536908
4271 1665690
2210 614380
6412 1949248
2309 53107
5807 470367
5839 945918
3028 1338376
7281 1994994
1811 793218
1206 173664
6629 583352
501 123747
5863 1084655
1841 738241
5247 897237
1800 230400
4215 800850
6975 3466575
6695 863655
5740 2054920
4303 219453
1170 95940
9202 2558156
8202 2312964
9430 2385790
7609 1613108
4306 1253046
4520 836200
8621 1051762
3410 272800
1406 650978
6390 1111860
9310 567910
7527 3560271
2218 594424
9829 2034603
5658 1267392
6298 1139938
2517 767685
1342 139568
9513 2501919
9976 718272
2959 1065240
1001 310310
4112 2006656
3348 364932
9924 1746624
2919 615909
4947 1528623
831 352344
9619 125047
7251 1239921
4240 631760
6628 2187240
4386 820182
8537 1314698
8639 3300098
948 349812
8108 656748
4260 1959600
8085 759990
9207 3793284
8579 1784432
4429 500477
3531 939246
801 24030
9213 773892
5142 678744
9932 3148444
7964 2596264
2338 804272
6550 2502100
1431 100170
5719 1355403
4154 1075886
5443 473541
3322 1259038
535 172805
9606 1671444
2772 659736
8409 1000671
4784 387504
6695 1071200
1629 811242
1014 359970
5595 537120
2081 790780
157 24649
1936 261360
2938 1351480
598 149500
453 160362
1599 482898
1323 501417
9095 209185
2231 803160
3387 809493
5212 2262008
9484 1081176
9123 866685
1241 39712
5440 2654720
9839 3660108
9289 2461585
7786 2226796
3347 167350
2828 427028
441 98784
6453 3220047
7797 2401476
2286 66294
9906 2169414
2554 1126314
1727 430023
2195 845075
2511 248589
4522 1537480
7701 3018792
4904 809160
6781 3248099
5421 2564133
7104 1122432
4675 1061225
859 45527
837 384183
7840 2775360
5481 1731996
9431 3074506
6117 2348928
1426 673072
3010 249830
5447 59917
8709 1036371
3677 367700
8124 2250348
3395 645050
2105 4210
5098 1055286
3205 1323665
1450 29000
2948 445148
5224 1065696
3479 1739500
4433 2207634
9311 2299817
2213 416044
9950 4606850
9039 696003
1234 1234
2589 41424
7104 3488064
8479 3086356
6928 2286240
8691 43455
6679 1643034
4760 1432760
6741 316827
8365 1831935
7844 3145444
687 186864
3788 1238676
957 346434
4173 2032251
4592 142352
944 160480
852 385956
9390 309870
4876 1433544
9788 19576
9726 1653420
4941 617625
3735 1494000
4893 1203678
8049 1497114
3618 767016
1656 418968
1497 327843
4569 45690
8229 3612531
5987 2903695
7538 1892038
2170 88970
9069 716451
9575 2958675
5640 2126280
9158 4478262
776 255304
3633 1547658
3773 1705396
8126 2722210
3861 706563
8303 3802774
3244 1304088
941 244660
6506 188674
287 112504
4200 1877400
1220 65880
3220 998200
5224 851512
1399 335760
984 100368
9828 1877148
496 68448
3419 717990
3666 29328
3205 1140980
8911 605948
710 326600
9010 2829140
2215 474010
6646 1256094
9026 3059814
6098 457350
958 464630
1024 46080
7527 1520454
6554 2064510
594 71280
83 31291
6811 2976407
3137 501920
2837 1086571
9858 3489732
2069 488284
4141 111807
6651 2660400
6215 1075195
2763 284589
9419 612235
4107 394272
5721 629310
5701 1202911
5325 213000
1897 758800
5679 1101726
460 209300
4662 223776
1636 124336
7065 2804805
71 27264
3404 1082472
8550 1273950
922 245252
8255 2864485
7964 3074104
3015 874350
6830 1072310
7842 360732
8734 3808024
5225 1050225
4429 1643159
399 170772
1785 469455
7142 2285440
81 20736
3692 1085448
8706 1584492
5453 196308
5103 1347192
9156 4156824
6924 1197852
8009 424477
5823 2451483
3947 434170
6001 1290215
4535 435360
2864 260624
295 2360
8876 1189384
6353 2522141
1312 106272
2929 790830
1209 310713
9646 4340700
1814 558712
9586 4227426
6130 183900
5628 2752092
3564 71280
9063 2184183
3250 1371500
7728 3693984
1006 432580
1975 788025
1516 712520
4196 1372092
5866 1519294
2765 876505
6599 1847720
7981 279335
7206 2154594
6442 1436566
7521 3391971
7354 536842
1535 733730
3333 1576509
129 55857
8405 3815870
2637 1044252
1930 272130
3134 1567000
7431 1664544
7776 2659392
2772 1047816
6053 1016904
3777 1846953
4989 1177404
7321 2591634
6971 3136950
8954 599918
9280 4046080
6708 2716740
9919 3233594
4565 1392325
5003 2111266
2917 466720
513 10773
7918 3325560
9983 4142945
9733 3406550
9958 3833830
8107 1167408
8700 3506100
8533 3660657
1267 464989
2790 1277820
4427 929670
5940 2286900
4927 394160
7281 3261888
3007 1127625
7929 2632428
7590 614790
8103 1960926
3851 677776
6262 488436
9984 3893760
3956 1677344
5123 1101445
2774 690726
3566 1615398
4909 1973418
1405 342820
1061 248274
5858 954854
2498 624500
9007 4440451
8277 1729893
3935 1105735
8574 3069492
4119 1585815
1396 496976
2122 528378
736 105984
756 336420
6859 1913661
8155 195720
7568 2663936
4975 1278575
6977 858171
7574 886158
6459 445671
8301 2498601
3693 361914
6440 412160
114 19152
203 64554
4466 1362130
3298 956420
1573 555269
1558 708890
1092 207480
2424 615696
333 23976
674 208940
9144 4425696
5688 1700712
2369 381409
7790 880270
5873 1151108
9773 1935054
8874 2466972
2093 625807
3748 1398004
5236 575960
9471 1524831
8848 2114672
3551 287631
4399 857805
6031 1139859
8175 997350
5036 1163316
6469 1798382
476 11900
920 119600
2559 1008246
6241 368219
2449 499596
9314 2170162
1862 50274
8521 630554
9475 4349025
2095 946940
7694 777094
9960 1334640
3978 202878
4282 209818
7285 983475
4261 2041019
2049 479466
7676 2256744
9053 2462416
13 39
4010 1507760
2652 358020
2215 675575
584 159432
314 40192
3216 347328
2785 570925
4969 452179
8194 2450006
7354 2632732
7464 1231560
2592 508032
6436 186644
6463 1964752
7970 2271450
6070 776960
3431 737665
6323 777729
6193 167211
739 211354
2086 978334
8424 1592136
3898 1941204
2672 972608
2313 788733
3454 293590
9036 3777048
9555 4127760
7266 1700244
561 267597
404 108272
5744 1269424
9418 1949526
5438 522048
2248 663160
5122 1485380
6391 313159
4596 1038696
3630 860310
2953 1263884
1665 534465
2617 437039
7278 2110620
2266 953986
1514 255866
2406 437892
2361 181797
7727 1754029
7000 2548000
7285 939765
9589 930133
1489 507749
6845 1074665
265 10865
6957 932238
8200 934800
5590 1911780
1065 255600
8024 938808
1013 358602
4206 601458
4670 364260
1040 274560
4732 1637272
5970 1134300
3217 154416
7772 2277196
3898 374208
9277 1493597
2051 631708
6266 6266
6221 1605018
3676 834452
6985 740410
3671 888382
9835 3658620
7507 2770083
8745 2999535
7943 3272516
5257 1855721
1661 303963
1781 537862
5338 133450
1360 262480
8287 4093778
8439 59073
2566 269430
6775 731700
6453 2594106
8998 2672406
1989 875160
422 18568
638 280082
7839 399789
4661 1864400
6202 2995566
7226 3562418
2361 569001
5226 2111304
3708 1854000
4609 1493316
1291 18074
3779 513944
66 23760
1739 859066
8515 1030315
8914 1738230
3414 778392
1390 464260
5081 960309
8300 481400
3387 1497054
49 3332
5836 676976
9117 3838257
1109 317174
7819 2635003
4103 742643
5435 771770
4130 1887410
5034 1590744
4069 195312
3160 1150240
5713 805533
4740 1132860
1015 431375
2035 541310
475 98800
5371 2336385
7512 1795368
325 97825
9029 2582294
5524 38668
7211 165853
817 339055
1370 128780
7280 2926560
7415 1586810
9554 4480826
8024 1251744
3678 1195350
8274 3822588
9379 4164276
563 39973
2671 761235
5589 704214
5367 1207575
4427 394003
340 12240
8920 446000
2697 973617
2594 1107638
2632 689584
2483 494117
5026 1537956
5476 246420
8432 2242912
4224 2035968
753 50451
9736 1791424
3263 646074
8933 920099
8083 1042707
7922 2249848
2098 4196
668 198396
5193 1968147
8854 2346310
2541 381150
1859 760331
5033 956270
4698 2179872
5609 1233980
7413 1860663
9595 172710
6453 2071413
2725 937400
1352 45968
5293 370510
1856 751680
7923 2448207
6349 1130122
1793 756646
9420 1017360
5661 379287
2316 618372
9844 1427380
6898 2883364
2677 1030645
4540 1434640
4331 51972
4347 60858
632 253432
6360 2391360
409 178733
4832 1638048
8556 3747528
2826 1237788
2468 999540
77 6083
9923 3076130
1594 578622
589 34162
7690 1884050
5972 531508
6941 825979
5808 1167408
5820 2502600
749 135569
1754 198202
1689 614796
1566 187920
6021 1529334
3885 1336440
4493 754824
8983 889317
5120 1228800
2747 700485
6436 1036196
4348 1391360
5621 354123
8866 2030314
6102 1067850
670 118590
6795 3139290
7060 3099340
4344 807984
9575 2623550
3568 1273776
2511 846207
7640 2628160
5934 842628
9779 1652651
721 150689
3718 550264
4540 2024840
7050 479400
9703 4764173
6633 2248587
2636 719628
297 122067
4932 749664
5920 2385760
8301 996120
1597 780933
1549 404289
4107 611943
3677 33093
2031 930198
8568 505512
4491 2205081
3146 795938
626 96404
4182 1760622
8957 2490046
5058 187146
4380 363540
1153 387408
6713 2215290
5795 2515030
1626 465036
220 28160
7637 458220
7678 1335972
3785 775925
3290 1585780
1820 553280
7896 2274048
6904 3003240
3550 411800
5891 1166418
4111 1664955
9723 2771055
3877 306283
4619 577375
7044 2282256
6335 817215
1646 551410
2016 626976
6547 1008238
4981 2336089
4405 951480
6455 2052690
2650 206700
9325 2909400
6910 131290
435 49155
6697 957671
6815 858690
9275 4275775
1065 371685
9165 1310595
9422 2487408
2589 62136
7946 63568
5548 1059668
7889 867790
2622 26220
413 182546
5405 1205315
4228 16912
2123 694221
1307 393407
6962 3167710
1049 210849
436 188352
3584 1451520
5725 1820550
8936 2743352
6895 1089410
8413 2061185
5466 92922
5217 657342
1308 595140
3146 449878
6022 1734336
4406 1101500
6789 1045506
4484 2098512
9784 2592760
7914 846798
7124 156728
8851 3956397
114 42408
6427 12854
6822 129618
6687 1992726
7039 2034271
7801 2839564
9444 3154296
8199 2845053
9683 154928
9508 703592
7608 3446424
9903 1010106
7396 1782436
7375 1194750
4417 1250011
3322 764060
8264 718968
3127 994386
9463 3406680
2410 807350
2817 797211
4236 444780
9744 331296
6089 493209
5223 1666137
4007 621085
4232 816776
6756 1797096
9214 1289960
1963 514306
5414 2068148
8968 1937088
9696 639936
9766 800812
5038 327470
4053 1791426
1736 657944
799 310012
6276 2309568
4194 536832
7518 90216
3373 67460
2863 1116570
9978 2753928
4326 532098
252 100044
7390 2276120
7129 163967
5561 739613
4746 1627878
6596 1141108
1604 243808
1888 217120
8182 3092796
3447 558414
7927 1728086
1407 367227
826 379960
585 171405
5601 11202
4022 945170
123 39975
1055 33760
1965 923550
16 1568
819 153972
7370 729630
2610 1004850
4402 1421846
3746 1093832
2550 663000
9533 1477615
5276 2432236
9233 3314647
5452 2687836
3297 527520
5316 2291196
5172 2492904
7528 3349960
3384 514368
4432 2038720
6053 829261
3553 984181
6065 2953655
9962 3177878
5653 67836
3668 1610252
8110 2514100
8458 2393614
9966 1484934
5168 315248
8111 1208539
1181 235019
9653 1322461
4615 161525
2390 908200
2800 16800
4749 1092270
6498 1955898
7846 698294
9010 1738930
246 29766
2151 73134
3940 744660
7755 635910
2170 416640
6829 2185280
6400 1331200
9722 68054
9494 3322900
5535 2601450
2785 749165
8632 1916304
9508 2044220
6953 90389
4087 984967
7763 3260460
3824 1789632
1779 323778
5424 1800768
2113 866330
7741 2964803
3471 107601
484 116644
7618 2955784
1816 855336
3087 963144
5343 1677702
1607 313365
8161 2260597
3245 382910
5486 2523560
2422 104146
7656 2181960
161 64078
425 39100
3747 1296462
3001 1446482
2170 941780
8990 943950
3641 924814
2444 557232
1146 40110
1368 176472
8139 3996249
1158 539628
3670 1468000
7136 1270208
2122 48806
2835 532980
5242 2442772
4349 1909211
1388 123532
4978 457976
100 7800
4869 2098539
6767 1874459
8947 1163110
8326 4154674
2076 498240
163 13529
2488 798648
3572 1100176
9032 2601216
2042 238914
8981 4158203
9685 232440
4763 1271721
4497 76449
8569 3401893
641 99996
3268 1624196
6267 2174649
3650 1084050
3009 1369095
3075 1023975
9344 2672384
1256 566456
1099 162652
6683 1577188
4057 1845935
2361 493449
2087 223309
7603 3550601
5436 581652
5950 2118200
9008 693616
5804 1567080
2700 21600
2161 672071
1719 237222
2723 1315209
3703 1658944
6350 1149350
9116 4029272
5377 392521
3988 1024916
33 561
1178 243846
8457 1040211
8776 1175984
3970 1472870
7772 1422276
7823 2120033
1598 711110
5914 2921516
8543 2896077
6104 738584
4770 853830
8322 1481316
3961 1021938
1888 836384
1120 175840
9186 688950
3367 30303
7668 1096524
9374 3740226
9251 3940926
6025 2169000
1662 113016
9664 3604672
8185 1645185
5796 475272
1763 312051
3875 1747625
8291 3482220
2751 1050882
9816 3484680
7872 2117568
873 224361
5802 371328
6366 1489644
2686 155788
2063 841704
8623 2379948
2262 570024
7701 646884
2875 1311000
5074 2323892
7463 1761268
3036 1253868
1795 441570
6737 2283843
651 102858
333 38295
720 126000
9097 118261
3597 758967
8381 2430490
2972 543876
2702 678202
2571 1046397
5220 1691280
3561 1046934
4292 1073000
5260 1909380
4892 2039964
9263 1157875
619 105230
1541 298954
1643 336815
2771 687208
6897 137940
6481 2948855
9209 3876989
7508 1208788
5807 2497010
680 195840
3752 1391992
3075 408975
8051 3131839
2504 107672
6041 1039052
7226 2912078
499 189121
3822 515970
7752 3806232
4775 1088700
9748 3830964
328 153832
7217 2908451
2587 144872
9795 3026655
4712 994232
8627 836819
5806 2246922
6395 1592355
8238 2586732
6685 815570
6859 1323787
8475 2483175
8253 3466260
884 411944
6202 1693146
5366 1507846
7663 1394666
8734 532774
5602 1518142
8012 1826736
6037 1805063
1454 340236
7302 3198276
7900 3855200
4356 1058508
6875 2303125
1822 513804
3891 1350177
5263 1952573
6018 2617830
6593 2828397
300 38700
3129 416157
8203 2026141
3988 1730792
9183 2764083
1037 393023
6995 3441540
2606 164178
1569 662118
4081 812119
515 221965
8299 2273926
7835 1425970
9891 870408
4385 925235
3735 866520
2766 1330446
9619 2241227
9778 1290696
4884 1142856
8510 25530
3072 248832
8839 2289301
8513 2732673
3597 636669
4642 937684
320 1600
8719 2362849
4747 2326030
5145 1821330
3055 103870
5139 2189214
5513 209494
5244 1573200
1859 888602
3931 652546
9713 2739066
4265 2059995
8111 1005764
3076 1485708
6929 408811
5143 730306
7209 3431484
7209 2415015
2438 246238
8649 3978540
5045 670985
4814 404376
1068 32040
8076 516864
8874 816408
6796 1325220
3938 1949310
8708 52248
6667 2353451
459 134487
1788 295020
8394 1796316
7190 2077910
1354 400784
2707 238216
3501 717705
9509 2757610
572 121836
1196 304980
728 120120
8062 943254
2051 795788
6505 2257235
2122 787262
648 92664
6786 3236922
5884 2818436
3236 957856
5171 827360
3190 79750
5225 1577950
2604 809844
5327 2210705
8848 3645376
8711 3806707
7606 920326
3699 1501794
8385 1123590
2539 492566
4881 1752279
9369 2435940
2894 89714
8821 1305508
7028 238952
1389 473649
1863 365148
7613 60904
6988 2173268
7719 1574676
7205 324225
8290 3199940
284 97128
3958 1630696
3041 164214
6471 867114
8205 262560
7373 2418344
5035 2185190
6771 1713063
9283 2580674
4372 1158580
7231 2205455
7537 3060022
9465 3312750
3093 961923
4039 613928
6317 2293071
7497 509796
783 126063
1140 516420
6523 1545951
3574 961406
5298 222516
1487 115986
5491 1004853
2232 441936
8505 2849175
5371 644520
5615 1673270
2493 570897
1060 136740
4984 1081528
63 3276
7929 1617516
7922 934796
7170 2115150
3390 1244130
5100 229500
8274 761208
2807 704557
3906 867132
3481 20886
9355 3685870
4718 193438
2639 73892
8937 3342438
7101 1732644
638 199056
4302 1079802
6235 205755
5397 183498
3451 559062
3634 439714
5967 2070549
2563 174284
1789 744224
4648 599592
4471 93891
9216 4571136
4827 897822
9115 1339905
1394 472566
7561 3568792
8694 643356
5142 797010
2743 885989
6231 535866
5289 2427651
6073 1008118
179 45287
8648 2542512
753 147588
8388 3111948
1536 287232
2034 390528
6033 404211
5152 2225664
2976 1243968
2858 734506
2712 843432
6704 221232
4143 977748
1432 640104
2480 344720
3264 633216
5867 1994780
4359 2122833
2747 810365
3617 661911
5451 1166514
2679 916218
115 53705
3642 360558
9773 1143441
825 126225
8222 2877700
6788 2206100
9584 4581152
2812 75924
298 47680
6566 1142484
7343 403865
5896 2446840
3642 662844
3846 1276872
9507 4601388
5197 1517524
3497 1181986
159 63600
1718 783408
5041 1245127
655 84495
1745 706725
5563 1279490
9878 3783274
5007 2303220
7680 2864640
2760 1203360
1725 160425
6716 886512
45 9045
8859 1576902
2906 63932
1448 244712
1162 39508
9583 1102045
2124 579852
223 8697
7596 2947248
1792 313600
6313 871194
6153 2756544
5394 728190
6512 195360
2400 1008000
85 19125
7582 3040382
2111 591080
3511 1242894
3660 944280
3 30
2552 987624
3529 165863
2699 599178
5765 230600
8776 2351968
8744 3681224
7734 2761038
9085 181700
5441 1779207
459 138618
5022 667926
23 6900
3916 1405844
9623 2800293
7543 3484866
5965 1497215
4697 14091
7343 2511306
5962 2122472
9447 3655989
5391 1186020
8480 2238720
1702 456136
2225 905575
2597 584325
6867 2218041
4614 553680
80 10960
4290 12870
117 33813
3375 918000
4780 1696900
1182 89832
8525 1381050
9301 3180942
3253 400119
4697 291214
893 33041
1964 359412
2326 641976
8593 326534
1876 804804
2069 763461
6785 610650
2592 451008
7193 1834215
2871 1357983
4632 588264
2483 392314
2536 65936
7434 1970010
3257 280102
6470 1675730
8870 17740
751 277870
1372 230496
8993 3174529
6122 91830
9189 3969648
5053 1955511
6828 191184
5913 1838943
5858 1523080
9073 4046558
7472 1718560
2708 238304
3558 238386
1939 752332
9467 3370252
1583 196292
5984 17952
1592 590632
7100 2747700
523 173636
4112 1073232
5466 1262646
5468 2400452
6105 3052500
5265 1505790
1812 463872
2593 344869
1047 472197
6263 219205
9852 1231500
3675 543900
9055 3459010
2942 1047352
4708 1360612
2266 774972
4047 1396215
8369 702996
4754 1217024
2927 354167
165 18645
1722 1722
9005 135075
1268 453944
5552 1787744
4029 1333599
3473 972440
819 296478
968 166496
7419 37095
1480 182040
9449 2154372
683 231537
6196 2050876
5299 2623005
7692 2276832
1204 585144
8706 3264750
3896 985688
3271 1576622
3578 966060
4801 1286668
2138 493878
8179 2731786
1021 10210
220 34980
6546 1721598
3266 1577478
561 67320
8940 393360
5320 319200
7124 1410552
3473 197961
4627 2248722
2999 1046651
7638 2146278
2819 606085
8380 1047500
9306 2419560
5582 111640
4848 1842240
9962 2012324
4834 1024808
1038 49824
8001 24003
8536 708488
4377 1873356
2206 842692
7486 3338756
5265 2363985
6684 2058672
1857 464250
3977 636320
3095 523055
7024 2900912
7622 1943610
2363 132328
8084 2805148
3964 1637132
20 8440
6839 2674049
1957 821940
1412 55068
1532 519348
6707 1797476
3407 1492266
8900 1771100
2486 1039148
9624 4051704
5738 895128
8544 1845504
3053 70219
3070 264020
6858 596646
3202 57636
4329 60606
9214 27642
4792 876936
115 44735
1766 388520
8027 706376
2695 285670
5394 2502816
1894 642066
4359 401028
3715 1218520
1977 933144
2781 77868
1960 346920
6917 3188737
8305 2234045
3106 577716
2620 356320
3777 1778967
5529 1526004
9773 2257563
8003 744279
7000 1652000
7549 362352
5152 1674400
7934 3364016
4082 93886
5345 1918855
2395 1058590
6725 1257575
952 344624
4225 1757600
3268 1147068
1285 60395
3400 438600
3520 1429120
44 1232
7953 1884861
533 98605
832 331136
1074 135324
6941 1249380
7052 1544388
5958 840078
6620 1992620
9433 4499541
7808 3263744
204 89148
7654 1094522
9659 4037462
842 99356
1656 96048
7564 3434056
2577 994722
5837 904735
9874 1668706
1719 632592
5018 1259518
8206 270798
4092 1366728
1034 35156
3138 106692
8991 3677319
4166 212466
9289 817432
3260 29340
5720 2562560
5798 2852616
8526 4066902
5325 399375
7544 3100584
8363 1187546
1614 781176
7981 3272210
1096 464704
4291 1351665
8791 3375744
5831 1959216
3214 742434
8647 397762
4696 774840
7214 2019920
7800 2776800
3152 343568
8352 2029536
1696 220480
3315 238680
2763 1135593
9324 4503492
7024 561920
5777 2686305
4327 1825994
6172 1666440
7611 235941
2293 298090
7316 1609520
1800 608400
