15000
3000
14 1499
5 532
8 733
8 809
7 710
12 1134
9 1163
10 1042
11 1234
12 1262
10 1056
16 1465
11 1156
10 1238
12 1229
13 1310
12 1235
8 873
10 1034
13 1215
9 1190
9 836
14 1215
11 957
10 1184
12 1326
11 1093
10 979
8 859
16 1617
12 1091
7 781
10 986
18 1509
13 1433
6 596
7 666
11 1379
11 916
7 691
7 627
10 980
8 727
8 680
11 1323
16 1596
9 972
10 1086
5 459
9 953
7 669
11 968
6 617
5 453
9 905
8 658
11 1115
7 788
13 1264
6 655
12 1100
12 1061
11 975
9 947
13 1215
14 1433
12 1201
10 985
4 453
10 984
7 562
10 715
14 1334
10 720
4 436
4 402
13 1201
3 283
12 1269
9 881
14 1245
12 1289
7 860
11 1092
10 1017
3 276
6 595
8 743
12 1054
13 1195
11 960
13 1211
15 1534
11 1020
6 571
13 1305
7 678
10 1077
11 1060
5 474
12 1265
9 989
14 1352
9 1035
14 1189
11 933
13 1132
10 1082
6 594
6 786
12 1287
13 1266
12 1153
14 1121
13 1287
12 1223
9 1068
8 771
10 953
4 392
13 1419
9 810
6 516
6 640
12 1354
9 1068
11 959
15 1329
11 1134
8 786
11 979
9 894
9 738
8 822
5 540
12 1094
9 974
8 696
5 549
15 1369
18 1924
8 800
9 855
11 1126
18 1942
10 1164
13 1366
15 1391
11 1153
5 540
6 566
11 1018
7 686
12 1051
17 1734
13 1228
8 871
11 1211
7 826
9 868
10 1106
7 734
7 688
3 292
9 900
9 950
14 1336
8 662
10 1204
10 1061
15 1605
11 1203
12 983
7 690
10 951
10 1126
8 854
6 612
11 991
14 1454
9 996
12 1179
11 1397
11 1045
10 870
13 1561
5 487
8 854
14 1339
9 1032
9 930
6 599
8 990
10 1163
12 1130
20 2132
11 1022
9 934
9 874
11 1240
6 654
10 980
8 779
20 2144
5 505
14 1203
13 1158
11 1121
7 593
10 1107
10 803
7 654
7 693
9 949
10 1079
13 1346
10 1010
9 832
13 1323
9 999
14 1273
11 1202
7 792
11 1107
8 801
13 1089
13 1454
17 1658
4 407
6 628
10 909
14 1242
11 987
13 1136
8 801
9 981
7 648
14 1549
14 1370
11 1107
10 963
8 739
7 741
8 907
9 755
10 1139
9 743
10 1079
13 1142
9 924
8 786
9 891
5 505
13 1178
10 1002
7 709
8 837
11 1301
8 773
13 1348
4 422
13 1474
12 1024
10 1027
9 786
8 821
11 1088
5 525
8 838
9 974
7 685
11 998
11 1236
9 743
7 582
4 330
9 838
11 1128
11 1058
6 588
9 894
15 1595
8 829
11 1057
10 887
13 1384
15 1554
13 1428
10 1010
7 727
17 1534
9 949
11 1212
7 710
6 615
10 955
15 1403
9 915
14 1235
11 968
9 964
7 656
12 1337
12 1188
9 983
10 1047
8 798
7 824
9 764
10 880
8 813
12 1090
6 491
13 1238
8 633
12 1295
11 1103
9 868
9 913
12 1312
6 522
16 1504
2 228
15 1677
9 1048
12 1027
15 1376
5 427
7 720
14 1397
11 980
9 964
9 712
6 704
14 1304
10 1054
8 701
9 950
9 909
12 1136
7 659
13 1118
8 788
10 873
11 1079
12 1220
13 1310
13 1206
11 987
10 1020
13 1299
8 775
8 793
8 898
11 1041
9 872
17 1707
8 792
5 529
14 1322
6 575
10 1078
13 1325
7 641
6 489
11 919
5 487
11 1022
12 1140
11 1014
5 539
11 940
9 1056
10 846
8 884
10 815
11 1324
11 951
13 1452
9 899
10 968
8 833
11 1062
9 969
13 1402
14 1455
6 631
10 903
9 838
11 1223
9 931
8 830
9 885
11 1053
7 652
12 980
6 704
7 763
8 838
12 1311
5 531
13 1158
13 1119
9 765
7 648
12 1232
18 1830
8 686
17 1689
10 1052
9 804
8 743
8 787
8 683
5 491
11 1056
10 893
11 1430
16 1678
5 501
13 1340
8 744
13 1056
11 1108
12 1107
7 839
11 1190
12 1208
9 826
6 604
10 992
5 439
11 1094
8 969
15 1644
9 797
4 441
17 1543
5 430
15 1458
13 1396
4 426
6 525
15 1528
14 1429
17 1459
9 877
6 571
9 903
11 1122
15 1321
15 1465
17 1779
12 1347
9 904
10 1117
15 1654
11 1045
12 1322
8 879
7 726
12 1185
12 1143
16 1598
9 812
7 769
6 651
4 466
6 465
12 1234
16 1772
8 723
10 1108
6 516
13 1208
13 1248
14 1410
10 1084
7 645
9 880
12 1214
10 1046
4 414
7 769
11 1124
3 265
15 1220
8 869
13 1351
11 1202
4 335
7 654
10 1061
12 1072
11 936
6 552
11 1032
12 1214
11 1055
15 1590
14 1675
8 696
12 1239
9 1011
13 1331
8 712
13 1346
8 686
7 740
11 1078
14 1481
12 1217
9 983
5 506
3 249
9 814
8 791
13 1209
10 840
10 927
11 1089
10 860
19 1966
13 1038
11 946
10 1030
15 1565
10 1005
7 561
6 592
5 503
8 888
6 525
8 877
13 1348
11 1094
14 1418
8 835
13 1330
19 2058
8 720
10 1143
10 1170
10 1082
13 1041
12 1295
10 1110
5 357
13 1085
11 1080
7 726
10 948
11 980
11 1219
11 1186
13 1196
10 1063
6 598
10 944
13 1291
10 1040
10 1074
16 1817
10 932
10 937
12 1203
13 1238
18 1883
10 948
11 1050
12 1251
7 676
7 730
10 817
12 1303
7 657
10 989
10 1042
11 1048
11 1120
14 1542
6 650
17 1649
8 760
8 854
13 1248
12 1123
13 1131
10 1007
18 1930
10 1020
10 932
5 502
5 554
15 1831
13 1449
9 969
9 964
16 1588
7 772
13 1374
11 1042
7 690
11 1237
11 950
12 1123
11 1285
9 780
12 1188
4 413
14 1373
8 791
7 782
12 1304
6 693
8 829
8 677
6 627
7 532
14 1329
8 711
10 992
11 899
8 794
10 1101
14 1381
13 1413
7 770
5 495
5 529
9 829
7 667
10 963
14 1292
7 621
12 1273
11 996
11 1014
12 1168
16 1525
13 1220
12 1298
13 1365
7 668
9 1044
9 992
7 827
6 603
5 545
17 1493
4 373
9 870
11 1004
10 951
11 998
9 982
5 544
10 820
9 837
6 570
15 1516
8 852
7 795
9 1181
7 780
9 876
12 1367
12 985
13 1173
8 713
5 528
11 1085
8 785
6 598
4 434
15 1829
6 666
8 602
6 530
2 208
14 1408
6 708
8 692
8 879
12 1225
13 1445
13 1296
11 1041
6 589
13 1096
8 838
15 1520
9 889
14 1353
11 1051
14 1422
9 839
13 1077
15 1608
9 839
8 843
15 1443
14 1237
7 801
11 1214
13 1347
13 1209
8 727
11 932
13 1464
4 413
9 912
8 905
11 898
14 1407
10 1215
6 592
6 680
12 1256
9 858
7 624
10 1169
10 1053
13 1005
9 905
5 563
14 1302
10 959
5 501
14 1416
13 1282
5 485
7 755
12 1127
6 503
6 576
9 873
10 1007
6 645
13 1442
12 1281
6 598
9 775
12 1401
15 1420
8 814
11 1266
15 1814
6 601
16 1511
8 667
13 1356
12 1149
5 546
15 1482
10 926
14 1667
10 967
12 1182
11 947
12 1141
8 750
14 1411
9 1042
9 977
7 785
11 1035
7 788
12 1171
6 477
12 1048
13 1420
14 1366
13 1387
13 1361
12 1165
13 1336
10 999
13 1389
9 767
8 783
16 1618
4 444
7 682
14 1349
6 658
16 1777
8 804
12 1106
8 801
10 906
4 379
9 930
15 1309
11 1211
15 1373
14 1326
9 899
11 935
5 510
5 356
9 898
18 2182
12 1128
9 881
10 924
16 1694
9 732
12 970
6 566
5 434
8 858
7 737
6 598
14 1078
5 455
10 1032
13 1328
6 700
8 790
8 776
8 762
15 1469
8 747
11 893
5 534
8 799
7 654
6 569
5 548
12 1197
9 800
15 1298
7 639
7 678
11 1004
8 719
10 1059
12 992
12 1014
16 1590
5 456
7 620
7 717
13 1481
6 541
8 759
12 931
14 1214
2 200
13 1574
8 697
9 911
14 1534
18 2125
11 1038
13 1330
7 630
14 1425
17 1492
9 998
7 672
10 835
14 1466
5 491
14 1278
6 605
11 955
11 1031
11 1069
7 731
14 1488
11 863
10 1177
6 580
12 1386
6 544
11 1028
6 621
14 1434
10 1051
10 1012
10 1167
14 1369
12 1023
8 813
8 853
3 289
13 1324
10 1034
6 659
13 1215
10 941
10 1059
7 748
14 1524
13 1419
7 681
13 1402
4 388
4 357
13 1292
10 940
15 1361
10 906
11 1268
6 486
13 1251
7 714
3 230
14 1525
12 1180
5 517
17 1481
12 1063
15 1794
10 927
12 1321
14 1469
13 1248
7 634
13 1362
11 1050
7 627
15 1452
8 718
6 541
12 1353
8 812
7 626
12 980
13 1311
12 1257
13 1478
9 996
9 880
3 313
4 438
9 923
7 719
12 1088
7 740
9 830
7 779
12 1328
6 766
11 1142
10 1062
9 1128
7 832
10 1019
11 1178
13 1158
13 1232
9 866
11 1096
6 651
12 1227
11 1167
7 759
5 420
13 1280
14 1164
15 1420
6 602
18 1725
10 1137
6 692
9 970
14 1515
11 1281
16 1663
12 1148
10 1213
5 469
10 1021
10 1013
6 784
11 1117
10 1026
7 711
8 700
14 1411
4 337
6 511
13 1345
9 1073
8 868
10 1067
8 794
11 1109
8 864
7 628
8 929
10 945
14 1139
6 553
6 564
8 771
14 1413
8 803
5 500
9 894
16 1471
12 1414
11 1087
7 822
15 1701
5 528
15 1338
12 1136
11 1101
7 701
12 1112
17 1410
10 1007
8 848
10 1150
5 443
13 1032
13 1307
9 794
8 720
21 1519
13 1387
8 749
13 1374
13 1489
15 1298
9 755
11 1150
6 611
10 983
10 1095
13 1272
5 551
5 516
12 1188
8 934
9 926
9 1095
5 470
10 981
16 1819
15 1511
7 634
6 593
15 1154
4 412
3 281
15 1464
10 977
11 1101
11 1147
10 997
10 1093
7 694
16 1547
9 929
6 497
9 822
11 1085
7 687
9 992
12 1384
13 1222
18 1646
9 735
7 794
9 801
14 1802
10 1057
8 851
7 575
6 606
6 655
8 831
17 1408
13 1230
12 1159
9 806
8 809
14 1598
7 667
7 762
17 1717
18 1943
11 1059
11 982
7 746
8 819
10 941
10 943
18 1850
9 833
8 775
14 1429
3 317
12 1124
9 807
8 834
9 869
3 326
10 917
11 1010
9 927
5 490
9 884
11 1108
17 1566
10 908
13 1287
14 1441
12 1381
11 860
12 1168
11 1119
15 1699
11 1073
9 877
13 1463
6 608
21 2038
11 1073
9 981
8 858
5 573
7 612
4 391
9 967
14 1484
9 890
13 1189
4 379
16 1755
4 405
11 1006
16 1541
7 664
11 1106
17 1531
7 847
2 204
17 1688
8 787
9 995
7 720
10 982
9 869
10 796
6 650
13 1223
16 1511
8 709
11 1151
8 795
6 549
8 810
12 1133
12 1226
11 934
6 609
7 724
12 1203
7 610
4 433
8 600
13 1421
6 652
8 705
8 911
10 1016
8 780
7 674
17 1657
11 976
9 860
9 897
13 1212
11 921
12 1030
8 851
6 496
10 934
14 1475
11 1165
15 1768
9 794
10 821
13 1269
12 1179
13 1437
12 1261
8 743
14 1429
10 1136
6 618
11 925
11 1234
6 606
17 1675
10 1077
13 1195
10 1148
13 1307
9 1055
12 1319
8 767
12 1349
14 1399
12 1333
7 789
7 692
10 976
11 910
10 1012
6 751
18 1802
7 633
9 926
12 1204
12 1219
6 595
10 930
7 698
8 821
9 807
6 562
6 588
8 904
13 1010
11 1199
12 1007
6 542
10 1149
11 1127
5 516
12 1316
5 492
10 891
9 831
3 293
11 1083
5 478
9 872
6 536
6 592
9 935
7 766
10 985
11 851
9 966
8 746
7 742
15 1657
3 291
7 813
8 785
15 1413
9 859
4 506
9 948
12 1156
4 422
8 830
8 826
10 902
6 635
9 841
10 998
6 521
7 696
6 616
12 1088
14 1378
7 686
8 746
8 798
9 1019
9 707
10 1166
9 943
12 1092
12 1051
8 779
14 1443
11 989
9 685
12 1038
11 1085
9 1060
10 1043
7 704
16 1515
19 1727
12 1390
11 1110
15 1701
13 1429
11 1106
5 362
10 992
18 1658
8 867
10 913
9 1001
13 1417
11 1199
13 1255
5 429
8 619
5 461
8 763
11 939
14 1486
7 650
11 976
11 1268
8 686
6 605
7 609
9 757
14 1564
5 505
8 835
5 554
8 771
13 1365
10 1103
21 2192
11 1167
11 1240
7 676
11 1164
10 1156
11 1059
7 747
11 1079
5 458
10 1071
16 1675
10 953
8 815
14 1400
7 708
16 1777
11 1128
14 1425
8 805
10 957
9 889
4 433
11 1256
13 1390
8 866
12 1325
8 834
8 740
10 989
10 922
9 842
11 1089
9 938
7 709
10 1227
5 576
7 686
7 765
14 1638
9 1013
13 1348
16 1151
11 1089
13 1150
10 963
17 1487
10 1177
10 909
14 1288
16 1738
7 715
11 975
7 768
9 823
16 1544
8 782
12 1067
11 1168
4 431
7 713
8 882
9 1020
9 1031
12 1128
11 931
11 1196
10 990
9 1057
12 1131
7 585
12 1334
9 799
8 659
17 1722
8 708
6 484
8 837
11 1083
7 605
11 1123
9 863
9 845
4 388
16 1922
16 2083
8 843
8 889
16 1692
10 937
9 1035
11 1112
13 922
11 1104
10 1013
8 902
9 898
13 1231
11 1157
11 1135
12 1116
9 805
7 688
8 841
9 762
5 506
13 1078
12 1267
8 800
5 517
8 607
7 616
12 1113
7 634
11 1193
14 1361
9 833
8 892
9 883
14 1483
2 186
8 836
8 833
15 1273
12 1083
8 666
14 1187
7 808
10 989
8 842
8 864
13 1412
8 904
11 1000
15 1511
7 834
7 813
11 902
15 1456
9 897
11 1018
8 815
12 1323
15 1864
7 793
7 805
7 761
6 602
6 589
10 874
8 884
14 1360
6 503
5 530
13 1156
7 613
9 786
8 861
16 1633
11 1079
8 705
10 1107
13 1141
15 1520
9 955
7 720
11 872
15 1519
7 667
8 887
13 1241
7 736
10 936
10 770
7 712
7 679
8 805
6 616
14 1264
13 1275
4 405
7 798
9 864
11 1154
7 661
7 662
10 1027
4 436
15 1465
13 1308
14 1481
8 780
11 906
5 497
6 590
15 1591
15 1435
18 1891
7 651
17 1749
7 743
10 1020
5 551
7 552
7 690
16 1938
13 1192
9 928
9 847
11 1243
6 506
8 896
16 1476
12 1219
8 784
12 1357
4 376
7 665
14 1455
9 939
13 1223
10 1128
8 824
16 1403
9 885
5 502
10 1150
10 946
13 1337
7 805
14 1506
7 722
8 744
10 1008
9 810
8 781
7 601
8 895
7 761
13 1464
9 966
8 903
16 1871
9 895
6 622
10 1042
11 1177
12 1095
8 909
8 917
14 1330
9 950
14 1504
7 573
10 1180
11 1125
12 1132
16 1420
13 1339
10 962
11 1189
15 1527
14 1257
5 466
4 405
10 1071
12 1234
11 1104
12 1417
8 786
7 670
13 1238
6 552
4 425
9 946
9 902
7 666
8 911
7 714
11 1214
15 1834
12 1276
9 856
9 987
10 1051
18 1500
6 669
12 1358
14 1516
13 1421
9 943
12 1097
5 558
13 1192
12 1053
7 720
11 1264
9 670
6 664
5 424
15 1307
11 1167
14 1384
12 1015
11 1158
14 1320
10 839
7 494
2 201
6 628
9 848
12 1233
12 1251
12 1094
9 1013
9 765
14 1527
7 691
10 990
7 707
11 1022
12 1334
11 1073
12 1406
5 482
7 687
5 513
16 1386
12 1220
9 963
9 962
7 761
10 955
14 1396
5 502
8 881
15 1376
12 1155
11 1055
6 557
6 534
11 1090
9 926
14 1305
11 1121
9 859
12 1333
6 549
18 2045
9 958
11 953
16 1837
11 1189
12 1272
11 1047
7 743
9 951
12 1111
11 1175
6 557
9 693
10 1079
16 1801
7 708
10 943
10 1020
5 466
13 1526
13 1167
10 917
13 1158
15 1349
9 717
11 1153
11 932
8 715
10 1021
11 1014
5 508
18 2078
12 1229
10 961
11 888
9 978
11 940
11 1006
17 1847
13 1341
6 596
3 284
7 701
13 1238
9 983
9 736
15 1491
11 940
12 1186
3 267
11 879
4 378
7 641
8 696
5 500
12 1251
11 926
11 1032
11 1220
10 917
9 849
12 1064
10 830
17 1692
18 1791
8 787
17 1705
8 926
9 932
9 785
12 1268
8 765
10 1032
5 472
12 1223
12 1292
15 1254
12 1197
7 718
11 999
12 1250
14 1353
5 614
12 1356
10 961
9 1031
9 919
11 1059
12 1268
9 867
10 1077
7 745
11 1156
14 1077
11 919
12 1035
6 596
11 920
7 790
6 572
5 422
14 1405
12 1231
7 826
7 671
12 1323
15 1200
8 812
14 1351
7 612
15 1523
15 1424
11 1009
7 707
6 536
11 1080
11 1103
9 935
14 1529
8 819
14 1290
13 1195
6 664
13 1452
4 405
12 1270
12 1135
9 920
10 1107
10 1192
8 830
8 886
13 1313
6 570
7 642
6 701
9 996
10 1066
10 991
13 1302
7 672
13 1394
9 846
8 975
11 1182
6 630
6 611
12 1489
5 505
5 436
5 481
7 640
15 1477
9 778
9 954
12 1308
3 323
5 505
12 1301
10 1013
8 818
9 809
8 821
12 1311
10 931
8 743
13 1501
9 843
16 1653
13 1543
9 825
12 1034
10 807
14 1478
7 689
7 588
8 686
12 1045
9 830
10 937
8 853
9 705
11 1029
7 606
9 973
9 912
10 1086
9 965
7 637
14 1398
15 1369
12 1480
11 1176
15 1545
8 834
9 931
14 1385
13 1262
7 689
19 2054
10 1027
10 1065
11 1154
12 1232
13 1543
9 849
9 848
9 910
7 658
11 929
7 614
5 468
7 661
7 634
9 897
7 657
10 982
11 1055
13 1440
17 1595
10 1061
6 628
9 947
13 1214
14 1358
9 881
17 2003
9 893
13 1476
8 783
9 929
9 1001
4 383
8 919
12 1130
10 994
6 487
11 1048
10 1081
6 585
18 1818
5 518
6 687
7 547
8 745
7 730
5 500
17 1687
13 1186
9 1002
9 791
7 766
8 775
9 882
7 711
10 941
7 641
4 404
10 871
8 788
7 807
8 868
7 595
11 1232
11 1179
13 1387
7 682
11 1045
12 1193
13 1375
10 1021
10 988
10 784
12 1215
8 658
7 595
9 983
6 635
9 877
12 1211
10 1020
13 1098
9 757
9 809
1 95
11 1214
9 892
4 406
9 881
14 1508
8 730
9 791
2 228
17 1594
7 689
6 605
11 923
4 387
5 504
8 896
11 1034
22 2356
9 979
7 663
9 831
7 697
12 1271
12 979
15 1279
18 1870
8 780
10 1028
15 1678
11 1043
7 710
9 869
8 605
11 1041
4 359
13 1508
21 1926
6 612
12 1050
5 505
7 631
17 1645
13 1415
11 1178
5 479
14 1361
15 1749
8 1022
8 788
16 1671
12 1185
8 840
10 973
10 1046
8 883
8 935
11 1087
12 1215
11 1154
8 835
10 850
9 825
8 827
12 1109
12 1141
14 1472
10 937
12 1153
11 1105
6 657
17 1456
8 916
9 886
10 1037
17 1597
5 511
8 897
14 1439
8 864
9 891
12 1062
7 761
9 931
13 1048
14 1466
11 1187
7 686
9 830
11 1090
16 1541
6 684
9 819
10 969
17 1887
11 1104
7 690
11 1125
7 744
15 1308
12 1068
9 885
12 1022
2 186
12 1217
10 999
12 1366
7 646
13 1275
12 1216
18 1957
3 236
10 1003
11 1202
7 686
13 1401
11 1126
12 1395
9 1007
10 956
9 889
12 1232
12 1064
6 677
8 768
7 629
6 625
8 617
7 609
11 1210
13 1158
12 1382
4 374
11 1096
11 952
7 663
11 1033
13 1285
14 1484
18 1864
14 1431
9 919
6 534
9 963
16 1708
7 781
6 674
9 885
15 1522
4 346
14 1410
11 1044
10 948
9 915
10 1049
15 1266
13 1163
17 1669
9 1008
8 691
8 819
7 651
6 655
10 937
12 1313
10 815
10 944
9 908
17 1778
11 1069
7 699
8 732
11 1163
11 1049
8 718
3 331
8 784
5 466
9 898
7 772
7 752
11 1151
7 816
12 1377
7 828
19 1996
4 411
9 834
8 735
9 890
11 1008
7 730
12 879
11 1135
13 1594
8 760
9 747
6 604
4 415
10 1108
9 834
8 627
11 1012
7 748
8 891
14 1432
13 1225
16 1409
9 893
6 621
8 833
17 1688
14 1567
12 1256
14 1285
8 632
9 839
15 1704
8 759
7 769
8 742
7 803
8 959
5 446
10 1032
12 1084
11 1270
15 1256
17 1524
9 1039
4 400
17 1875
12 1264
9 982
8 806
10 1051
13 1321
12 987
7 596
11 1094
7 695
16 1488
11 1326
7 728
10 930
8 896
9 901
4 420
8 835
14 1325
16 1438
9 935
6 464
15 1613
6 614
12 1366
6 574
6 649
10 1031
14 1234
6 602
9 783
9 814
6 603
15 1427
12 1131
5 500
7 860
7 693
10 972
16 1620
9 1003
8 782
12 1227
6 769
9 822
12 1152
7 702
11 961
9 1079
9 812
4 366
13 1256
10 995
14 1357
7 653
14 1407
7 671
10 1050
7 761
9 734
9 865
11 1176
6 579
11 1103
13 1492
10 1065
9 859
10 1016
8 913
8 833
8 751
10 1034
6 568
10 854
13 1211
11 1164
11 1266
9 1007
7 698
10 982
7 733
12 1343
9 949
15 1243
6 491
11 1108
8 943
14 1374
9 871
10 1107
8 861
9 846
11 1134
8 806
13 1290
6 604
10 1019
6 737
10 1199
7 695
6 532
9 967
5 523
9 1011
13 1503
12 1339
16 1541
12 1148
8 758
16 1759
11 1302
9 916
11 1234
8 703
12 1145
16 1957
6 611
9 795
5 523
10 947
9 835
7 648
9 953
8 834
14 1322
10 893
6 484
11 1078
10 1115
13 1166
9 983
9 848
8 795
11 1335
10 958
11 1054
7 661
11 1233
6 528
14 1545
12 1337
9 746
7 626
9 786
6 635
15 1558
13 1076
11 1115
13 1323
5 510
8 823
4 401
12 1128
12 1117
10 849
11 1133
7 592
10 1049
7 641
3 271
8 916
15 1450
12 1012
13 1601
2 196
12 1351
13 1220
3 289
9 835
15 1244
7 609
12 996
10 952
8 918
4 377
14 1333
8 959
13 1103
9 913
10 1122
13 1253
5 498
6 592
9 903
5 536
15 1488
7 590
8 704
9 954
9 803
8 866
11 1016
15 1555
16 1622
9 911
7 640
11 1086
15 1504
12 1191
7 656
14 1453
8 817
13 1108
8 954
8 777
10 1152
5 479
12 1272
14 1380
8 779
9 891
14 1736
9 836
13 1479
9 971
8 792
10 906
11 902
8 831
11 1008
10 877
13 1223
13 1427
11 1008
14 1404
9 926
7 687
11 1333
8 829
5 529
13 1062
11 1132
9 956
15 1702
4 479
12 1266
12 1149
16 1619
12 983
11 1055
14 1603
9 993
12 1328
9 783
15 1622
14 1479
8 862
15 1400
11 1087
11 981
9 902
15 1829
7 677
18 1831
9 970
12 1103
7 688
16 1849
15 1580
10 1129
8 811
14 1407
13 1285
9 987
6 609
15 1328
10 962
7 621
8 782
12 1140
13 1231
15 1295
2 179
12 1027
10 1000
9 847
9 776
12 1413
5 415
13 1608
10 943
10 999
7 695
13 1300
15 1571
7 776
7 585
12 1060
9 991
12 1323
7 739
9 609
11 1031
8 742
9 813
12 1162
8 746
11 1104
8 850
16 1700
17 1403
7 752
11 1030
4 482
9 964
11 992
12 1020
16 1852
10 1177
15 1501
13 1233
11 1296
11 1196
18 1338
7 794
11 1225
7 776
8 746
12 1151
7 746
17 1674
8 792
8 883
7 861
7 796
11 992
11 954
12 1184
17 1516
10 997
6 695
12 1140
7 824
9 906
10 1068
8 762
5 501
7 742
9 879
14 1398
10 892
12 1244
5 448
5 501
11 1240
7 664
10 1124
10 1125
14 1496
15 1282
8 713
6 559
7 727
9 858
9 981
11 1197
14 1447
6 537
9 791
12 1116
14 1630
11 1216
13 1048
13 1272
11 1299
12 1192
9 997
13 1288
11 1070
12 1334
11 1202
13 1206
9 1098
11 909
15 1281
12 1035
10 1099
11 1066
12 1338
8 721
8 805
9 863
10 891
16 1529
12 1107
11 1111
16 1663
8 816
8 729
11 903
6 639
7 597
8 753
13 1218
3 246
9 993
9 838
16 2048
8 764
14 1284
12 1269
8 799
14 1414
7 779
7 486
11 1049
9 819
4 434
11 958
11 1167
6 626
9 1020
9 898
10 1051
13 1278
7 614
10 901
12 1189
6 727
11 1136
10 1091
14 1469
11 1015
6 530
11 1102
11 1067
7 659
3 276
10 853
8 821
13 1202
5 464
9 901
15 1388
7 634
6 643
9 984
9 834
6 551
12 1091
7 768
13 1382
13 1113
4 336
12 1333
6 604
15 1667
9 907
12 1022
12 1200
3 320
8 783
8 798
9 1075
9 974
15 1507
14 1428
8 797
11 1146
12 1136
7 659
7 873
15 1504
10 912
10 930
9 826
14 1267
6 476
9 853
8 846
13 1400
9 830
15 1377
12 1359
18 1704
5 470
3 305
6 619
8 816
11 1114
10 977
10 759
8 682
15 1507
5 562
11 950
13 1431
13 1334
10 1066
4 412
14 1312
6 539
7 742
9 963
14 1301
8 815
10 890
9 792
11 1145
13 1219
12 1094
16 1668
9 959
4 355
10 847
14 1496
7 563
10 926
12 1255
9 773
10 974
11 1223
7 847
12 1123
13 1301
10 954
13 1042
8 800
13 1342
6 582
10 989
11 1165
7 685
13 1255
9 875
13 1186
12 1365
9 882
13 1138
9 1064
7 644
12 1281
6 584
6 522
10 1047
7 724
10 1130
15 1432
6 593
7 776
5 418
3 291
13 1621
14 1550
6 579
8 761
6 688
15 1583
13 1241
5 453
9 854
10 1092
15 1348
12 1185
10 959
8 850
9 788
12 1244
7 652
16 1684
14 1694
11 1043
15 1324
14 1520
11 1178
15 1421
11 1034
8 834
10 962
15 1537
9 924
9 775
9 1080
11 1203
13 1481
12 1126
14 1266
8 764
5 607
12 1446
10 869
11 1170
10 1022
13 1266
14 1309
10 1045
11 1051
11 1062
7 549
14 1502
8 677
15 1403
6 627
14 1545
13 1457
9 993
8 858
16 1890
5 493
13 1605
10 1144
9 927
11 977
14 1440
7 845
10 984
10 1104
12 1118
12 1014
13 1192
9 879
13 1170
11 1169
8 699
13 1122
10 1027
11 821
17 2024
6 585
11 1052
11 1010
5 548
9 785
13 1300
15 1315
10 833
8 840
13 1306
11 1151
4 432
12 1142
10 847
9 974
9 919
5 567
10 963
14 1589
7 666
14 1444
10 1234
10 991
14 1200
10 1095
7 740
8 671
8 732
13 1217
4 449
10 1010
10 973
6 637
17 1844
9 941
14 1207
9 970
14 1479
5 502
10 1111
7 622
9 1016
7 671
5 485
11 1080
10 1004
6 556
12 1217
11 968
15 1231
11 1043
12 1198
9 888
5 482
14 1332
11 1023
11 1003
6 577
11 1101
10 1055
8 700
18 1908
9 856
10 1048
6 563
9 989
9 660
11 1146
15 1428
9 912
6 685
9 877
13 1392
7 653
5 439
17 1654
12 1199
10 975
17 1688
11 953
9 971
11 1073
11 941
7 730
7 636
7 720
7 822
14 1718
7 699
16 1868
7 744
17 1873
9 1100
10 1109
6 571
6 642
4 477
6 631
8 713
9 1193
10 843
12 1339
18 1843
17 1755
14 1145
17 1753
15 1396
6 600
14 1439
11 1048
13 1326
13 1087
10 981
14 1265
16 1400
7 746
10 1027
7 737
11 1202
13 1184
11 1155
16 1491
11 1044
7 781
8 706
12 1076
12 1162
7 678
10 1050
10 901
10 1066
13 1047
5 387
13 1298
8 751
15 1439
11 982
6 697
15 1618
13 1218
10 988
10 1131
13 1310
8 826
12 1132
17 1854
9 916
12 1444
6 564
10 1081
6 569
4 402
5 487
8 803
10 889
8 764
5 531
15 1464
12 1345
11 1117
10 1031
9 833
10 1133
8 722
11 1130
12 1096
9 878
5 474
5 495
9 1047
9 928
13 1274
10 1050
10 969
10 1038
11 882
12 1080
8 789
11 1173
9 1047
10 981
11 1259
9 949
10 1189
12 1154
8 921
9 868
8 823
10 999
12 1291
10 1157
