12000000
3000
1225 102900
5747 402290
1471 314794
8342 809174
4799 1823620
2575 965625
385 74305
6384 204288
9126 3349242
3791 1224493
5699 2667132
8960 1576960
2687 577705
8668 3198492
7605 1254825
9958 4112654
7880 3900600
4106 1182528
4863 24315
3256 527472
7664 544144
2663 263637
694 283846
621 246537
5499 2601027
8615 1111335
1243 96954
767 171041
3555 1653075
883 412361
4765 2034655
3877 1636094
6291 2522691
9815 1855035
5661 2247417
3613 1091126
9756 29268
6716 886512
5284 1553496
9009 4225221
2393 330234
6095 2419715
3338 1405298
1547 262990
7175 2776725
9336 2324664
3955 656530
4278 688758
2718 318006
7451 610982
2496 806208
1584 334224
5766 2064228
6891 2797746
5612 869860
7929 2553138
9167 2603428
546 264264
5193 2264148
6506 1119032
4879 395199
8642 3595072
7950 596250
5608 2439480
2397 692733
590 180540
9450 3099600
8052 1014552
8185 2275430
251 46184
6495 2396655
5053 1096501
9446 2295378
428 71904
3254 846040
6943 3249324
1377 461295
5289 2358894
9571 794393
2739 868263
1282 551260
8906 1148874
9800 813400
7494 1326438
5128 1302512
3265 1387625
6212 1795268
4726 2339370
2906 363250
3117 65457
2496 753792
9900 4237200
9401 3271548
905 423540
5761 2310161
4612 618008
6281 2437028
5272 1028040
4465 540265
9616 163472
4566 506826
2992 864688
5887 2036902
1435 429065
2920 1284800
947 269895
405 32400
3407 51105
8313 3649407
1007 108756
5431 2422226
1666 264894
7125 2949750
5248 2225152
2747 1255379
985 148735
185 64565
688 292400
5952 2678400
7268 2013236
1043 405727
1766 492714
6061 1006126
9211 663192
3163 1069094
5735 217930
8299 1452325
3619 745514
9282 1856400
4510 2182840
4659 945777
7503 3466386
4252 1722060
5709 1775499
7418 2002860
5089 2356207
8146 1955040
3081 261885
1117 350738
3156 517584
7304 1899040
2497 911405
7202 727402
3321 803682
7549 173627
3577 175273
160 37120
2065 481145
4663 1044512
8371 2260170
7162 837954
3159 1197261
7740 510840
2725 880175
3328 891904
6765 412665
4084 1923564
3516 741876
5077 2386190
7078 1769500
9441 1661616
2956 907492
8813 361333
938 297346
386 185280
7144 1978888
4749 1704891
7335 1334970
4224 371712
512 232960
5134 1473458
3289 407836
557 42332
9439 424755
8616 4032288
9383 2158090
427 134932
1515 62115
2785 259005
4782 626442
2825 542400
4192 1680992
4703 1622535
7625 1730875
3595 988625
7141 271358
9709 4038944
3739 198167
7773 3085881
5974 1857914
3639 1179036
9481 748999
9875 4749875
3709 819689
7746 2625894
6623 337773
4319 634893
702 155844
9956 4181520
2007 238833
8674 2992530
4417 1448776
1132 6792
9361 1151403
3387 1358187
4549 864310
6581 2349417
9694 3160244
3629 1092329
8670 4178940
7547 3003706
3787 276451
6896 227568
3066 426174
2868 174948
8556 641700
1653 446310
3614 484276
9503 1967121
4049 1566963
5892 2627832
6784 3358080
9776 175968
9112 4027504
2317 859607
3711 430476
3966 142776
5755 621540
49 11319
1904 847280
7266 2339652
7688 3751744
7642 3767506
8908 1051144
7815 3516750
4377 1711407
6577 1499556
6679 480888
7023 3356994
837 195021
2294 965774
7652 864676
9040 1491600
8567 839566
6537 1483899
7748 1882764
5742 183744
3976 1498952
1994 654032
6104 2026528
1726 24164
3340 941880
8938 2252376
7220 1083000
8881 2779753
5215 2471910
6587 2858758
6289 2641380
8488 1205296
6664 2045848
6582 566052
1440 588960
393 114363
1305 395415
9721 1030426
5732 435632
9822 3427878
716 230552
9205 3755640
8351 1762061
2446 1218108
3828 1653696
1772 832840
562 205692
5182 1119312
1763 558871
1026 275994
5961 1466406
1463 231154
8200 2320600
6294 472050
1906 413602
5971 829969
3416 1294664
3797 1059363
8029 1951047
2565 341145
8431 2436559
7580 1773720
6883 1328419
9277 2291419
9122 2435574
6360 2429520
2991 454632
4999 1239752
5738 837748
9292 195132
259 4921
7121 2292962
2974 1118224
858 336336
2820 394800
9710 1825480
6530 1469250
2468 333180
3786 223374
2581 792367
3607 411198
8949 3481161
9352 4517016
3407 885820
6039 646173
7301 1569715
3043 1308490
9658 1400410
854 357826
8559 3500631
3234 1419726
8018 1691798
9156 2957388
5219 1988439
8212 944380
3545 623920
7092 1212732
359 121342
7865 173030
8246 1418312
740 255300
2540 728980
4430 1240400
10 1340
5080 2250440
9619 1500564
9373 1743378
7093 163139
9591 4421451
6870 1799940
1294 346792
7091 3361134
863 291694
8604 1720800
1429 328670
9522 733194
6894 910008
5233 5233
3219 1046175
375 45750
1772 1772
2799 1225962
1414 33936
9324 1911420
8530 1970430
5450 1896600
9482 749078
5482 531754
6313 1603502
6311 2063697
1811 655582
5943 1479807
933 410520
7623 1539846
5962 1210286
2865 1211895
6817 1786054
4981 1708483
4853 393093
5604 2684316
41 16933
4126 1873204
3535 1124130
9479 4673147
676 201448
8528 3172416
3385 297880
1720 438600
8267 3744951
437 200583
6563 452847
405 11340
1247 187050
5230 2515630
2174 710898
3429 956691
5247 1175328
9689 2732298
3652 1314720
1178 174344
1954 150458
6054 774912
3737 967883
2611 671027
2099 801818
3945 240645
4613 207585
8881 3596805
4430 1554930
6944 1763776
8303 1071087
524 81744
5141 884252
2773 1367089
4859 957223
843 279876
7296 3385344
9460 2005520
6952 2634808
177 61773
9110 1594250
2612 47016
127 49530
4937 923219
234 51480
1092 399672
4531 1259618
3120 1316640
4857 2287647
7684 3427064
9944 1213168
498 124500
2187 763263
8677 3392707
2749 1154580
1213 310528
4652 614064
3757 1701921
1001 453453
4907 1869567
4180 359480
1173 103224
242 92928
6788 2206100
6541 2367842
3497 618969
8040 2412000
7390 1603630
6849 3335463
7029 196812
6592 1654592
166 43326
5017 70238
761 143068
4145 45595
6120 1915560
728 195832
6656 1238016
7427 282226
7998 359910
7354 2397404
5765 149890
733 228696
4605 718380
8274 66192
2868 714132
6571 249698
5490 192150
4579 828799
339 44748
8611 1997752
7534 3458106
4550 1064700
2904 824736
9695 591395
6784 2577920
7948 3505068
65 17615
9304 3181968
4599 496692
7556 1866332
9865 512980
2435 674495
6715 658070
4182 1773168
9201 119613
2496 1213056
9080 2124720
6538 431508
7498 2174420
3066 634662
4022 128704
3032 915664
2422 1075368
1184 426240
4765 1939355
2301 119652
3836 1783740
3437 663341
73 16133
5105 2491240
9902 3901388
9867 3404115
4211 1061172
2590 631960
4971 984258
3403 568301
4532 1853588
4640 1211040
9753 2906394
2125 973250
7495 1019320
9575 2958675
4233 1921782
6716 1423792
4266 1510164
4003 704528
4287 2062047
9904 4664784
5243 2563827
2731 652709
1153 217917
8504 4132944
5341 1121610
3555 561690
5023 2064453
9151 649721
4409 1684238
1557 104319
7879 3049173
8920 1204200
6138 411246
4547 1432305
7408 177792
8908 1701428
832 151424
7610 525090
486 102060
3004 1474964
8386 469616
782 82892
6137 2976445
6411 2237439
3966 396600
7410 1578330
6470 2730340
3470 242900
7222 1957162
9572 3780940
4977 462861
5741 912819
5439 516705
6744 3264096
981 206010
9258 657318
8658 1991340
8854 4002008
5053 464876
5037 166221
4318 341122
8857 2657100
3477 611952
9916 1180004
195 36855
2689 88737
2395 840645
8183 3224102
6921 1716408
9515 3273160
4538 2005796
3487 1053074
6075 1743525
7814 2813040
1763 21156
3777 1246410
8001 3592449
3418 1469740
5049 530145
7564 68076
7952 3252368
8737 681486
616 183568
5558 1261666
9203 4527876
7884 1584684
7592 1040104
2608 620704
132 42240
1 304
6644 2631024
1289 400879
4318 1692656
3527 1569515
6135 840495
3717 605871
5387 1939320
5075 700350
6570 2430900
6411 3013170
8813 2432388
1829 257889
290 15370
1437 300333
7752 2302344
2008 309232
3432 20592
8943 1609740
3962 15848
334 88176
2963 1010383
9975 3471300
573 28650
2094 123546
7239 1824228
3238 1123586
8596 2656164
9532 2220956
1653 699219
7945 3813600
3008 806144
4563 1505790
5309 1353795
1709 270022
8813 1947673
5338 2359396
2509 258427
1798 685038
4460 1306780
3767 286292
8878 985458
8252 239308
6826 3358392
8575 3661525
5725 423650
9403 1053136
214 43870
3494 821090
6 2028
7455 3257835
2059 275906
4646 836280
3762 1109790
4483 1622846
3915 548100
5831 128282
2370 1042800
1642 318548
2655 286740
8821 4004734
4357 1716658
2986 919688
9634 3092514
5051 1313260
9941 1958377
659 31632
3664 102592
2222 357742
9996 2618952
7070 1604890
8199 3476376
4834 1561382
9309 3053352
3435 1061415
8503 2814493
2415 722085
1280 46080
8261 702185
5890 288610
6638 3126498
7161 1783089
6971 1784576
8726 636998
593 239572
288 15264
38 6650
9353 2113778
2149 1035818
6427 681262
3049 1042758
6059 2290302
2900 1212200
4545 627210
5701 1716001
3544 779680
6342 6342
2658 1235970
8729 689591
2760 761760
2937 731313
2572 810180
2601 595629
6814 3277534
53 7261
8104 2212392
2399 539775
6351 1028862
6277 1443710
6222 1101294
3486 87150
5626 2514822
5834 1866880
3351 1072320
9005 2413340
181 17557
5879 76427
1421 22736
1565 718335
5993 868985
3540 718620
7303 1942598
1090 31610
2518 1107920
4935 1406475
9819 1080090
4301 124729
7157 2025431
450 51750
5344 844352
6660 2177820
7993 1462719
160 43520
2711 463581
2472 580920
8779 1562662
1462 71638
4878 1824372
8610 912660
5956 524128
4836 1102608
4366 681096
6754 330946
8271 3027186
8603 1866851
8002 2568642
1306 199818
7996 3174412
1523 446239
3083 505612
7147 3502030
540 178200
1903 557579
6894 779022
5456 76384
6928 2244672
6683 3027399
4044 303300
5648 429248
2316 1037568
8118 2776356
7395 1353285
938 242942
4711 1408589
785 382295
9737 1450813
3038 397978
3528 1538208
7266 2993592
1903 443399
8307 4145193
2374 33236
2858 422984
4820 1373700
2236 71552
5510 1212200
6144 2445312
4834 1010306
2985 597000
8244 766692
2699 1157871
318 136740
4960 1780640
7403 2887170
5337 2012049
6629 2843841
5013 1067769
531 227268
1342 142252
1339 587821
803 108405
4262 1355316
3781 1251511
3876 232560
2599 964229
4472 1659112
9392 3136928
7487 3069670
120 7800
726 192390
2040 720120
2764 1177464
7969 1514110
6109 1820482
427 184891
7866 896724
9761 2557382
8324 1148712
2966 1020304
6029 627016
7403 1525018
8433 2327508
7507 3745993
1944 155520
3828 761772
4611 1120473
8385 1308060
1867 705726
2792 323872
9254 740320
6189 618900
2738 621526
5478 558756
9945 527085
847 84700
644 161644
6213 2000586
9631 2754466
7313 1199332
1827 294147
1558 211888
7486 1287592
1762 72242
817 299022
9362 4100556
4964 1057332
7300 2547700
8205 2363040
898 79922
1167 213561
5976 1446192
7978 2888036
7396 791372
3391 779930
1942 489384
4602 1711944
3813 957063
7517 3548024
5986 993676
5477 1007768
4734 1600092
8800 114400
706 201210
4603 276180
1276 190124
9646 4707248
3876 1062024
3015 786915
7024 2739360
878 48290
2077 112158
6967 1142588
4935 1732185
5809 1603284
7854 306306
3969 595350
8459 4060320
120 57720
5836 1937552
9603 3245814
7937 873070
6649 764635
245 99960
9574 4595520
2760 135240
6247 1855359
8471 1118172
5148 1987128
3369 373959
3384 199656
3238 673504
5066 754834
6136 2435992
9998 2909418
7248 3392064
8313 2153067
2115 966555
7237 1215816
5377 580716
7679 2941057
9560 2485600
1454 302432
3678 349410
5591 2186081
4842 2072376
8980 1876820
6331 1873976
8830 2233990
3202 1309618
7619 1066660
625 30625
7215 2792205
626 193434
5692 643196
5276 2178988
198 42174
1142 278648
1593 557550
4293 579555
5000 1520000
4119 16476
2554 1225920
5913 1620162
6888 117096
5782 2844744
4700 493500
8653 415344
8721 3409911
1947 514008
260 49400
1000 475000
6189 2079504
9353 4517499
1673 61901
6339 1083969
8777 4186629
6820 2543860
96 36000
1825 171550
8673 3321759
9841 3897036
9460 416240
2604 283836
1901 49426
7796 2572680
6207 552423
8935 839890
5378 2022128
6612 3067968
5483 646994
9936 1092960
9408 2003904
2905 586810
9333 886635
7188 3126780
3510 1418040
4173 66768
4517 45170
4924 497324
8454 2071230
463 141215
4141 157358
6758 946120
1630 400980
50 7400
5010 2339670
9381 1669818
3123 1555254
9740 48700
6173 1364233
2549 1208226
8646 1037520
4221 1468908
9737 3573479
439 209842
7819 1110298
3751 187550
2700 631800
5736 573600
1108 57616
5424 2527584
2496 913536
8730 3055500
1608 181704
6082 1812436
4443 262137
9814 1207122
2386 911452
9548 3886036
1124 355184
1637 700636
4522 542640
5500 2678500
1482 655044
1696 295104
4154 340628
7751 2271043
4081 183645
4712 1715168
1445 200855
6372 1236168
7563 650418
5072 1952720
5255 830290
2709 685377
4518 542160
1629 337203
3438 1578042
3708 915876
1054 343604
3441 602175
3480 647280
4308 887448
8008 3131128
840 255360
8399 1973765
5252 898092
492 71832
2304 887040
1368 139536
3279 691869
1923 38460
3281 1128664
1650 168300
6216 223776
8686 1580852
7884 3642408
2599 418439
5751 109269
5655 1894425
2757 733362
2302 481118
5601 644115
3625 188500
6516 1146816
7205 2608210
8373 1959282
6037 839143
4492 1590168
5732 928584
7190 3508720
238 47600
7232 1742912
3231 1072692
7250 1972000
5882 664666
7958 2132744
5434 1635634
9846 2077506
7206 1052076
2585 633325
6490 2570040
4511 1055574
8468 1321008
5333 389309
6963 2868756
335 19765
8168 2809792
2311 693300
9722 3655472
6077 2054026
8312 2319048
398 130146
6599 2791377
272 109616
8752 2196752
7144 1507384
8225 740250
419 97208
4577 1798761
9421 4324239
6591 1641159
533 73554
4903 1328713
7105 674975
4974 1462356
1380 251160
7601 2470325
2138 688436
5602 2537706
4566 1835532
6493 344129
4084 298132
4182 1292238
1215 272160
1970 886500
4453 583343
8351 943663
2017 375162
1805 286995
6615 410130
2394 880992
9506 3488702
6856 2906944
2214 810324
963 6741
3623 10869
3584 7168
4828 357272
4195 1480835
9604 2391396
4064 308864
2159 1068705
6310 1198900
9067 2212348
7188 3098028
1706 387262
9866 2772346
7506 3077460
7623 2782395
9712 1107168
1153 160267
3462 1118226
869 298067
1064 124488
3665 773315
7826 2120846
7776 3864672
3876 1899240
6105 2051280
9684 2498472
137 4247
6701 1889682
2953 183086
1434 661074
9907 1912051
5834 1954390
5770 628930
1662 206088
89 41652
5629 1840683
6823 1398715
6714 26856
4223 1549841
4358 47938
4486 605610
7525 3589425
1200 189600
5533 1859088
5038 1909402
5149 1910279
325 150800
5042 1124366
4850 2313450
3850 1158850
3377 1127918
7698 2186232
6869 1971403
3869 224402
5984 2357696
5671 782598
953 224908
7950 3148200
3181 1574595
1328 220448
137 37127
7268 2362100
8833 4010182
2150 277350
2220 1058940
8431 556446
1369 636585
8798 2718582
1343 511683
1048 433872
5649 2502507
3817 958067
8937 2663226
8062 3821388
5196 1901736
8527 2694532
7185 2514750
4567 2224129
8787 3084237
8085 1875720
7412 2735028
3394 695770
7916 1100324
8053 257696
6747 2266992
9391 3080248
9620 3059160
1742 175942
1125 454500
3838 794466
4411 1830565
100 2200
4537 1234064
9569 2975959
8231 1020644
976 40016
771 355431
3008 102272
7714 2507050
4328 341912
7448 3090920
3810 45720
4017 1924143
4665 634440
1273 159125
4335 1317840
267 1602
753 314754
9371 4085756
6162 1577472
4117 391115
2790 1258290
8785 386540
6031 2774260
9982 3224186
4570 1626920
6492 675168
600 208800
9397 3777594
4896 993888
5923 681145
737 306592
6394 856796
232 66816
4970 119280
84 2352
4128 1428288
552 174432
1411 138278
2993 748250
6458 174366
1975 15800
4029 1039482
8149 2314316
8547 3350424
8302 3993262
1104 49680
4942 1922438
6455 477670
9767 4053305
4127 404446
7740 286380
8314 1313612
9133 2703368
2466 850770
9609 2738565
4108 554580
5820 2776140
7328 945312
107 9844
3246 441456
9906 3239262
2635 139655
5385 2294010
1900 5700
2424 843552
211 101280
8087 3978804
6834 1257456
8948 3203384
2665 495690
4691 2082804
461 86207
6185 2789435
4534 1441812
9604 1469412
6161 1299971
3657 581463
2476 1111724
6211 2838427
9195 983865
4156 1566812
2233 468930
3342 561456
6415 2501850
6538 392280
2998 98934
8754 3142686
7872 3542400
2286 692658
127 49276
8002 1288322
8323 940499
3188 781060
736 178848
3361 1317512
544 72352
3580 1514340
3339 995022
5362 230566
7122 1915818
7649 1162648
3803 1433731
6003 2605302
5303 540906
6887 1039937
2333 529591
9646 4147780
5628 174468
6727 1069593
9269 463450
1200 458400
1988 964180
4431 1444506
3748 37480
8067 2912187
7029 2797542
7934 3379884
8 640
9756 126828
5191 2335950
7270 65430
9637 4066814
1467 663084
902 279620
4114 1925352
2213 287690
5661 2100231
2589 269256
9404 2783584
9074 2123316
4211 1301199
4141 1830322
5411 1331106
9416 4397272
8149 3870775
161 5152
9864 463608
9865 2367600
5913 1726596
1492 626640
4959 1244709
4117 1362727
7919 783981
6540 1530360
776 235904
5740 551040
1288 574448
2667 1042797
5804 1770220
1634 200982
9970 279160
6908 2252008
7466 1007910
4045 1452155
9218 1742202
3485 118490
2929 210888
8082 3661146
5501 1254228
2138 726920
5792 1251072
2791 1188966
4702 2012456
1161 96363
9906 267462
6170 1925040
4858 1943200
485 73235
9279 1651662
1506 606918
7650 2180250
6384 31920
7703 1401946
762 126492
3486 969108
932 368140
4674 2154714
8939 357560
434 147126
8823 114699
9042 3227994
9086 427042
2574 293436
3369 239199
1333 98642
4574 251570
2612 310828
8692 3094352
9701 1823788
5830 81620
9605 105655
9005 3728070
9394 2282742
6252 1356684
5734 2425482
6304 371936
6110 384930
4755 518295
1599 542061
4688 1490784
4026 587796
7080 856680
7191 1380672
4771 2237599
6957 1502712
7646 1292174
2800 831600
7836 3573216
5815 2128290
6695 2718170
5469 1115676
2858 654482
3551 891301
8458 727388
778 206948
623 94696
2927 201963
7457 3064827
9733 554781
4043 327483
6483 2722860
7653 1767843
5848 1637440
5528 641248
5124 2331420
2455 1168580
9985 2126805
9183 1827417
9635 1570505
4051 1774338
1249 187350
9357 3246879
352 59840
4845 1884705
9951 3482850
4505 1135260
7482 1174674
8183 932862
8836 1263548
202 77972
9991 1109001
2526 497622
5837 2784249
9308 2634164
8015 969815
3569 110639
4040 549440
7102 2890514
5933 1002677
7241 2273674
3368 1145120
7667 981376
2242 91922
6433 1781941
5036 2185624
6511 416704
8906 3704896
2399 280683
5109 950274
8538 3022452
8013 2075367
2728 1074832
3078 1443582
6713 1496999
6008 2078768
2459 683602
529 14812
3835 1886820
210 5460
5572 707644
8102 1928276
1480 520960
311 111338
3847 1915806
921 174069
6387 2043840
9882 434808
5820 954480
9324 428904
5875 2379375
6350 38100
8451 1174689
460 130180
3599 1101294
5857 1429108
9378 2635218
1635 550995
1988 147112
1349 323760
5969 441706
6329 2310085
9165 3143595
7995 3709680
1120 211680
1549 672266
2202 277452
4165 1820105
6144 1419264
6974 1422696
1408 695552
9112 3681248
594 235224
6704 596656
4968 571320
9095 3001350
8963 1936008
7332 2940132
6998 2435304
8408 1076224
2689 403350
8201 311638
4432 62048
5967 2530008
93 45384
7679 483777
9348 3271800
6284 1696680
5585 2781330
2271 327024
5788 2540932
2526 338484
581 173719
1594 360244
5152 1473472
5986 347188
4547 1436852
5062 1007338
1288 497168
372 156612
6870 522120
105 48195
6082 3034918
8258 1618568
6439 2124870
8978 987580
7076 2221864
2936 196712
9432 2452320
2601 660654
6508 45556
8779 2826838
676 147368
4754 1483248
7673 2639512
9753 312096
5408 1936064
989 133515
9762 78096
1339 364208
3291 677946
148 5328
3409 784070
4197 726081
9894 1681980
643 203831
8582 3990630
4673 1654242
4581 568044
9027 270810
6546 1008084
10000 4540000
5359 1463007
8526 1014594
7646 3494222
4202 348766
3184 245168
8877 452727
2428 645848
8290 4028940
5997 2410794
8073 3907332
9416 2137432
9670 2001690
393 132834
9565 3491225
2401 905177
3722 692292
8806 3469564
7086 2253348
5747 839062
2640 79200
2140 164780
4767 824691
3639 396651
7571 2702847
8008 3651648
8185 1309600
2531 523917
8892 2996604
5129 230805
5747 1241352
866 255470
6061 224257
8028 2111364
5017 70238
3676 569780
5475 2370675
4906 1682758
5780 398820
7056 1030176
7846 3766080
1305 173565
1821 469818
1277 374161
2007 232812
2951 1457794
6241 2521364
9520 923440
2895 442935
4380 1966620
1995 458850
1266 12660
2008 321280
8933 2921091
2757 63411
6407 2562800
7132 1012744
7523 1414324
6573 1446060
5460 786240
4839 687138
5750 948750
5993 707174
9940 3329900
6490 389400
963 8667
3667 216353
2182 593504
3225 248325
9772 488600
5886 1300806
8034 2201316
3172 485316
4063 1974618
8942 1788400
3764 1185660
1481 607210
5475 1204500
7378 2656080
6399 1772523
1831 371693
5746 1752530
886 443000
9008 3774352
4073 1775828
9338 84042
4177 1491189
6130 2268100
4858 908446
2668 704352
8254 2385406
3756 627252
3003 1231230
6413 1705858
7388 1411108
7136 1427200
9859 1892928
1370 513750
8354 2832006
9007 567441
7594 144286
4704 1938048
64 5824
773 320795
8674 2697614
9505 3051105
6510 2311050
430 74390
6065 1595095
1429 703068
1311 609615
2036 81440
1858 741342
1074 99882
7109 469194
4342 1111552
2611 394261
4182 1568250
1394 108732
7326 1040292
1243 128029
6990 3082590
2852 553288
9880 4534920
3357 1510650
6943 2346734
5218 986202
8873 1224474
3785 397425
1894 465924
3018 1466748
3739 138343
3500 987000
9080 4004280
2975 374850
2423 949816
4413 887013
1732 675480
7011 981540
6125 1163750
9994 299820
6617 3116607
7704 3158640
8141 634998
5806 1904368
2045 742335
9631 1685425
3975 1633725
314 84780
8469 728334
8708 3152296
2922 753876
2875 543375
9928 1052368
9166 2337330
3168 1156320
8190 2989350
1195 35850
5433 1483209
9431 4215657
9734 155744
1192 250320
396 130680
6531 280833
9170 4144840
7583 2600969
2166 610812
5922 2724120
8741 410827
1119 249537
3393 919503
9782 811906
1695 245775
1826 777876
2620 303920
3236 465984
304 114608
4489 287296
5530 2051630
8191 3505748
5914 2531192
3324 362316
7633 3679106
6841 116297
2357 577465
8730 2182500
1440 252000
9763 2997241
5771 1252307
6141 2130927
5577 903474
381 33147
8704 3203072
2809 1089892
2366 970060
218 49922
6117 2422332
7342 2900090
9919 4582578
1449 346311
3393 244296
3549 1618344
7532 1250312
3798 178506
6967 3204820
9376 1725184
1054 478516
3619 535612
1083 474354
9713 3079021
1571 735228
4074 541842
1504 500832
9036 2484900
6099 768474
3197 1393892
4050 923400
4996 924260
7314 2223456
9271 2364105
690 124890
4932 1962936
609 274659
734 8074
304 36480
8902 1602360
4855 1111795
8677 2698547
7858 1469446
9683 3166341
4164 62460
9392 1352448
3018 1152876
7981 287316
1493 431477
1319 348216
7127 2145227
810 358830
8460 2444940
692 252580
1392 375840
7894 181562
7648 3533376
4444 1755380
1295 139860
6103 213605
5768 103824
6876 2764152
4904 137312
2620 65500
7038 1034586
7559 1965340
4459 539539
4044 1637820
9691 1085392
2290 531280
8324 1614856
2660 404320
645 223170
2754 1299888
6093 402138
1140 157320
4743 2077434
5990 976370
8390 2080720
9389 1539796
1957 796499
2382 347772
1242 541512
1940 273540
5252 2001012
8367 468552
4150 539500
2070 358110
1527 387858
6651 2673702
9522 3608838
2806 353556
5604 1389792
3321 1115856
5610 1638120
6743 2265648
1111 57772
1373 350115
2980 1096640
4054 1362144
3539 1252806
9579 1523061
555 107115
9690 2480640
2687 279448
5120 583680
9212 2081912
9464 4060056
9719 1088528
2511 532332
6065 1473795
1061 266311
6072 2817408
2068 938872
4946 628142
7905 1786530
9617 1952251
9566 870506
3848 1342952
5944 2555920
9806 2863352
7465 2560495
6773 196417
3770 1262950
1030 235870
7362 765648
5596 2171248
3557 156508
5149 2378838
214 87312
1993 500243
6658 1797660
3475 879175
3423 616140
9200 717600
1030 174070
7577 2060944
1561 404299
8226 419526
726 349206
307 50348
3746 734216
9967 1485083
3198 38376
851 170200
9781 2132258
1276 96976
5302 275704
39 19383
3865 1329560
2661 337947
2182 868436
9241 3594749
1822 402662
5757 1456521
7147 1786750
7175 3544450
6357 222495
4487 300629
8219 1446544
989 455929
7724 1931000
8271 2944476
3474 1712682
5352 1402224
312 29016
7693 1107792
3924 749484
8574 1954872
2977 142896
4911 756294
9161 3627756
929 292635
3502 486778
1761 153207
589 182001
231 19404
6277 646531
7804 3808352
7260 3499320
3240 1483920
2162 752376
4716 2324988
1359 472932
8313 3732537
2029 18261
9823 4400704
8989 2660744
7965 3568320
3372 40464
9470 3172450
2263 629114
4342 1506674
4448 240192
7669 1480117
8797 3941056
3803 1570639
3139 605827
292 138116
8764 850108
9444 4042032
5416 2323464
8820 4383540
1256 326560
1907 917267
5012 1714104
8045 2791615
3710 1840160
4072 77368
5591 1285930
3893 1670097
6157 2610568
271 120595
1260 456120
9764 1376724
1713 10278
6487 473551
7847 1177050
4560 1577760
227 32688
1522 491606
7178 3057828
2495 401695
7725 1977600
8172 1421928
9178 302874
6270 2388870
8425 269600
183 83082
5283 2176596
150 25800
3669 275175
4342 169338
246 12792
4383 407619
1727 635536
2328 500520
9843 2421378
5509 22036
7311 3202218
4810 1438190
7707 1803438
6747 553254
7454 2407642
3604 1751544
9378 1162872
7726 1104818
5326 2183660
1293 99561
2741 1337608
648 154872
8558 1275142
345 84180
750 51750
3532 766444
825 342375
5977 1039998
840 221760
9303 613998
4142 994080
6357 387777
8843 3165794
1960 682080
6152 2540776
5750 69000
2707 443948
8658 225108
8638 224588
9213 4551222
4412 1019172
4957 669195
768 137472
3315 162435
5017 1474998
2233 535920
8536 904816
3867 73473
7503 3008703
2764 185188
204 101592
2129 308705
2595 1180725
9480 1440960
5574 1282020
9841 3139279
9029 3403933
9421 2675564
36 5760
61 18971
1208 82144
2550 1063350
1482 542412
1720 602000
8673 1717254
1985 704675
3777 1529685
9816 1590192
3837 1112730
3544 294152
4428 2001456
5536 1389536
4046 829430
4588 256928
8897 1770503
534 201318
8366 803136
6409 2191878
1915 383000
1710 514710
2349 972486
5465 92905
1015 460810
4669 2269134
2483 124150
8857 2196536
2111 124549
6403 2010542
4016 1658608
6797 2847943
2951 478062
4522 1306858
1061 9549
3871 398713
9859 4614012
1616 515504
8478 2729916
9301 2883310
1817 25438
1336 643952
1121 218595
1296 522288
8774 447474
1548 106812
9113 2323815
5722 2592066
9126 2546154
6527 2760921
2427 101934
6812 3140332
7542 2617074
3594 416904
6588 922320
5821 2654376
9165 2043795
9317 2916221
7799 577126
7620 1813560
832 37440
1549 4647
5582 167460
5936 1751120
8359 2875496
5771 1875575
3715 442085
6318 2666196
5612 2564684
9601 1641771
5789 2084040
2796 402624
9806 1196332
825 379500
2496 321984
5794 1738200
7841 196025
692 149472
9630 1781550
6237 1490643
9188 4235668
3858 111882
1404 297648
626 145858
419 203215
4539 567375
239 99663
2822 711144
2173 567153
8002 2800700
1396 491392
7908 2894328
4592 1033200
5989 2778896
560 159040
4789 2269986
1299 492321
4329 2008656
9312 1759968
1607 43389
2430 979290
429 17160
1790 628290
6989 3284830
9958 378404
3616 47008
1955 826965
3153 1065714
3546 3546
3441 1545009
6529 3081688
1297 311280
8892 622440
3989 1224623
542 238480
3508 157860
7526 1941708
6028 2706572
836 222376
883 405297
8115 576165
7680 1612800
8844 1653828
3333 1163217
2136 175152
8456 363608
9810 3021480
3220 499100
8361 58527
8287 1301059
5542 1174904
407 17908
6801 2625186
9486 607104
2150 25800
9251 3247101
7099 1405602
1169 137942
7974 151506
9449 1899249
9130 1250810
5708 2294616
3122 312200
601 25843
7398 3440070
8095 1853755
7187 2666377
503 119211
2512 447136
1878 306114
6769 3100202
3131 651248
4468 1577204
6526 2271048
6337 2186265
6617 1164592
9970 4945120
4833 710451
8799 3088449
2313 744786
3556 238252
4931 404342
390 72540
9051 443499
8913 3752373
4628 1740128
9216 2027520
1142 270654
2263 518227
6692 3111780
9988 3435872
7841 470460
9757 2556334
5621 1590743
907 320171
524 109516
7568 484352
8627 2372425
3974 985552
8997 2312229
8826 2674278
7031 3325663
7617 2125143
2776 227632
8055 3012570
7090 921700
4742 882012
5672 1990872
2448 1133424
7352 294080
433 95260
4760 2227680
1902 382302
4859 1034967
4464 433008
9283 2738485
7136 2918624
2708 500980
6234 2069688
8582 2763404
4356 945252
2892 838680
9048 4388280
4536 625968
4034 927820
9807 4364115
7603 1300113
5076 2431404
4894 1663960
1055 471585
7556 3150852
4348 73916
9543 3817200
4709 696932
7966 3855544
295 21535
4156 1512784
1092 497952
8742 4239870
4266 938520
3601 1786096
6819 681900
5092 198588
2695 29645
3744 1164384
3880 865240
8565 899325
6644 1209208
1762 355924
8283 3768765
5032 2395232
5402 1215450
2194 57044
5281 533381
5169 1250898
9278 3089574
6371 1382507
5684 1045856
6263 3006240
1019 309776
3337 1248038
6487 499499
3237 216879
7887 1758801
6151 1949867
3032 500280
2907 433143
2279 688258
5554 2054980
5557 522358
9316 1947044
4640 603200
9099 1073682
4771 1202292
2770 47090
6412 3186764
4305 925575
3711 1005681
1292 143412
6415 1757710
8080 1850320
9124 1040136
1978 162196
3072 470016
3174 365010
3025 60500
322 85974
8677 3357999
6179 488141
9156 531048
4029 386784
8445 1021845
3578 787160
3358 661526
3774 377400
9582 3257880
4781 1802437
5195 2285800
5917 473360
7552 3692928
9554 3105050
4095 819000
8951 4332284
4036 1461032
8961 761685
3025 432575
3789 1155645
7113 2951895
3416 1687504
7367 1281858
3321 1205523
88 36432
194 22116
8492 4118620
9837 4475835
9 3033
8934 982740
6567 65670
5703 22812
8017 609292
5927 320058
7438 3711562
2776 910528
8381 3411067
2347 938800
1379 31717
34 12750
405 150660
5018 466674
9496 2269544
3490 495580
5150 1751000
3767 1058527
2792 50256
9689 3400839
1751 448256
6502 214566
287 129724
5172 243084
1528 105432
8288 2502976
7455 3481485
5836 2830460
5823 1991466
2594 962374
5946 2818404
7797 569181
5603 997334
5561 2374547
2944 1215872
2881 1354070
2161 453810
9760 4567680
3401 404719
2236 523224
8729 2234624
10 1030
627 135432
709 253113
4696 1751608
9201 4434882
3492 946332
3056 1317136
5821 2177054
637 127400
3700 617900
9959 766843
3842 253572
7968 398400
6872 233648
9400 4502600
6003 240120
9109 2486757
4782 1726302
7264 1307520
8743 3916864
3073 387198
3236 1197320
7898 1800744
4763 1805177
5863 439725
5659 2422052
7941 2096424
2005 218545
5781 849807
3909 203268
4717 2339632
7265 2179500
539 68453
177 29913
8082 3079242
7502 2033042
7936 285696
2520 335160
3036 634524
8646 752202
5815 1366525
1610 568330
6553 864996
2151 531297
7378 2080596
8267 1678201
4321 574693
9002 1089242
7161 2420418
125 61875
3142 920606
1909 925865
2819 109941
5459 376671
3184 480784
8139 496479
2784 606912
8000 1784000
2412 180900
3831 1700964
2943 991791
1346 284006
6979 3433668
8188 2137068
3102 666930
2766 395538
6709 1670541
2071 381064
5984 2992000
1258 413882
2067 289380
3199 1196426
4897 161601
9416 725032
8688 3926976
921 7368
6689 1933121
8624 439824
9221 3955809
821 203608
5959 2139281
7007 448448
7725 2008500
4574 214978
2548 1098188
3729 466125
939 223482
8157 1492731
4664 1730344
3833 1165232
5375 774000
4142 1449700
6803 782345
6977 2734984
308 31724
6658 2916204
5498 2441112
9720 3713040
7559 763459
3933 1258560
670 126630
687 261747
9596 4375776
6124 1145188
2622 736782
3907 476654
1778 698754
5638 2255200
4051 1754083
826 270102
7627 2364370
3231 226170
5901 1557864
8339 3977703
750 194250
7269 3409161
4747 1694679
3393 1258803
4819 607194
8738 1485460
8540 2681560
9223 1475680
6153 2615025
5061 728784
9419 1215051
2811 837678
9168 1320192
8875 4091375
8798 3659968
7157 744328
6331 462163
137 34113
9734 4467906
6327 2511819
1454 382402
5027 2392852
1787 377057
8665 4141870
6740 1597380
6907 2900940
5332 1295676
4272 1200432
8198 623048
2756 1072084
9481 1052391
8419 4041120
7212 2351112
7523 782392
105 28875
8602 2503182
4913 250563
2943 656289
3998 1383308
1753 585502
2574 1034748
8515 3772145
2594 1066134
6780 1383120
1562 396748
6265 1691550
2320 313200
9785 4501100
245 110250
4887 1544292
7041 528075
3859 424490
9932 1807624
1613 240337
7944 2669184
9148 3403056
1562 721644
180 36900
9295 2109965
9353 1674187
5 1010
5075 1781325
7518 751800
3526 401964
4237 1364314
3227 380786
3441 86025
3819 1607799
7214 562692
7342 2430202
9938 1470824
7777 171094
1913 91824
74 29970
4803 1767504
7925 3756450
2540 543560
7249 1029358
5696 723392
9372 3711312
5718 2378688
1102 446310
4282 1066218
1757 715099
45 16875
8280 1192320
3011 1270642
470 58750
2900 948300
1552 147440
7439 1056338
6968 654992
7616 2025856
3079 391033
3943 141948
6427 2615789
3137 1565363
1802 677552
2234 402120
5786 694320
1850 68450
278 28078
178 38804
5456 1151216
997 1994
5378 1021820
7454 2049850
5298 95364
1702 691012
6775 1023025
1114 422206
1656 748512
5513 1742108
4553 1033531
7162 3351816
8927 178540
8800 3784000
9554 3592304
2251 11255
1610 215740
882 149058
891 91773
7105 1484945
7399 436541
3689 1066121
3773 1592206
3322 1398562
2819 301633
9511 1303007
6174 864360
9157 3488817
8367 2401329
7738 2344614
1579 6316
7385 2584750
3160 1387240
4877 204834
6720 2412480
7659 635697
9438 2548260
6421 2536295
9229 3313211
8965 1084765
4998 1514394
9128 3368232
7365 2194770
659 64582
8330 833000
3623 731846
1681 534558
3081 323505
8735 2410860
6281 697191
9365 1704430
35 6090
5900 359900
7802 2090936
7161 2348808
8714 1760228
595 215985
9747 4532355
1491 497994
9787 4531381
3662 1754098
3889 1205590
6895 3433710
8073 2704455
4719 443586
4122 1236600
2154 374796
243 972
3807 1884465
8386 3496962
5798 492830
9871 829164
7641 2597940
5695 1856570
3422 1235342
8373 3424557
7948 3195096
709 85789
7617 2513610
5102 403058
5787 758097
9693 3848121
2002 754754
5186 2587814
3459 1328256
1403 328302
3493 475048
1943 312823
9494 825978
9833 550648
9293 1459001
3935 570575
2484 434700
9583 1073296
7235 3060405
5359 1709521
171 35910
381 142113
7644 252252
7991 3555995
2971 1396370
5943 1693755
6270 1072170
9367 1058471
1065 213000
6581 631776
8044 1608800
3022 1229954
1662 470346
9832 4817680
4051 1903970
9459 2412045
4177 1207153
8209 3160465
406 72674
8789 2654278
1131 411684
4907 137396
6753 324144
2124 851724
3198 201474
2702 878150
6675 2616600
8041 3039498
8427 235956
1522 671202
9416 969848
1528 427840
3497 178347
8942 3138642
1351 634970
8769 1692417
6094 1042074
907 59862
3599 1439600
5052 2273400
9941 2167138
7412 3135276
7950 2385000
9269 2002104
2658 890430
5755 2463140
4845 1739355
226 71642
8866 26598
1354 670230
764 340744
1302 354144
3196 626416
8036 2450980
5584 290368
3788 909120
9930 2661240
7024 590016
7924 2361352
2813 461332
7432 1805976
1124 519288
5526 2414862
6698 1553936
3265 29385
8980 3735680
1482 145236
6533 3077043
2559 401763
1058 391460
8739 183519
2062 519624
4684 2018804
3621 1013880
8949 2335689
4684 1274048
7052 126936
8749 4269512
9975 2663325
6117 2122599
5176 471016
3319 557592
1897 294035
6397 2456448
2481 543339
6782 528996
2991 523425
9105 4124565
798 167580
3759 1781766
6857 2543947
2988 878472
3415 1366000
3213 1233792
8856 1691496
3407 1485452
5662 1698600
4415 1368650
5405 2453870
5527 1359642
5504 2575872
1652 66080
2797 1079642
6486 64860
4328 1047376
8940 902940
9339 4473381
2701 1034483
7014 848694
4894 1061998
7445 2762095
487 138308
3553 1261315
6545 340340
2314 138840
4062 1027686
3725 1225525
3990 1432410
1042 12504
8090 3575780
9244 591616
1221 275946
9200 1453600
445 118370
878 189648
8827 4025112
7227 397485
7627 1838107
5433 2249262
664 298800
7799 2207117
8276 1200020
7569 3489309
7648 1391936
6665 1059735
3639 1575687
6448 2721056
4918 1967200
6698 944418
6565 1391780
9037 2286361
4892 1614360
3765 700290
3137 21959
1375 588500
6666 1799820
7244 347712
2408 611632
7974 1483164
3886 1126940
4113 1661652
80 31840
6748 2071636
7387 568799
3651 255570
3935 1601545
8325 3196800
4944 331248
3158 120004
6878 2544860
3466 734792
4020 1025100
5786 590172
4533 2157708
6860 2174620
1673 767907
6658 99870
2151 154872
2295 1048815
2019 74703
2845 93885
7007 2403401
2965 1271985
9423 4127274
7957 3827317
542 204876
419 172209
5912 845416
2387 343728
5036 1420152
7293 824109
3630 87120
4516 1183192
7371 950859
4716 768708
7951 1669710
5874 2525820
1569 520908
6176 1865152
4310 1780030
846 280872
9072 1469664
5314 1126568
5318 813654
1883 305046
5701 2263297
3117 614049
4622 1580724
8274 4103904
186 12648
8972 1570100
6275 690250
3768 700848
8601 455853
2986 1197386
5279 776013
9348 1075020
3445 1608815
2030 850570
7435 245355
3913 931294
6230 1569960
2666 759810
4988 2060044
1662 129636
430 133300
4062 1840086
764 150508
2602 1254164
7597 2894457
3736 1737240
8207 3619287
8873 3859755
5199 2448729
5874 1239414
1925 768075
2729 455743
5729 555713
5284 903564
1469 92547
9182 4205356
3417 358785
4263 1986558
5798 1594450
1571 447735
2008 584328
401 185663
4956 2274804
4375 962500
8207 1034082
510 237150
274 122204
2662 146410
822 212898
3930 691680
531 162486
622 282388
8220 1865940
1370 615130
8328 2473416
93 20274
3665 1678570
6843 759573
7265 1198725
1926 223416
8560 68480
2969 1347926
7974 1483164
8288 2801344
5473 1598116
3916 1820940
7011 2502927
188 54520
4871 1261589
628 222940
9489 37956
3883 943569
2150 455800
5457 1266024
5889 2261376
6251 2237858
1954 382984
2811 98385
5061 1634703
4577 2091689
9792 1194624
7624 3651896
6173 2086474
4851 945945
3327 755229
3764 681284
5791 2466966
1706 847882
4485 2090010
4631 597399
4901 749853
9571 143565
3638 1389716
7912 1424160
3058 1449492
8625 3941625
9157 2344192
2368 172864
8385 628875
9393 4508640
5751 1144449
1505 139965
9817 3789362
1391 386698
7277 138263
5499 1776177
1000 432000
9553 3897624
3471 787917
5182 305738
5047 1357643
8705 3246965
7379 1446284
2915 1431265
4283 1751747
1054 350982
6120 1878840
5235 251280
1305 30015
4041 1729548
6630 2373540
9882 3261060
5448 430392
8682 2969244
4830 396060
7097 638730
3999 1895526
3929 1033327
4037 1497727
6769 2477454
5706 2270988
8023 850438
6516 827532
8465 1498305
9799 3900002
3070 564880
1954 226664
9248 2053056
7033 2672540
799 31161
7820 1587460
8618 473990
8537 3653836
6724 1042220
3163 1021649
2049 831894
7549 1706074
5889 2714829
5864 2908544
5956 1506868
9495 2696580
4353 1523550
8462 4019450
8304 440112
7426 1188160
3072 1446912
9254 1388100
7766 1685222
8488 3030216
162 75654
8246 173166
5850 918450
4326 821940
6973 1059896
6482 1030638
4320 1080000
5733 2327598
4976 726496
9093 1500345
6696 1111536
5300 588300
1928 316192
