200000
50
7532 845900
2803 253122
755 78075
710 68015
3481 388889
6564 704991
8555 764350
5094 486488
2455 254775
5 556
9754 1036729
6522 756948
5306 530224
5538 548323
2745 275142
4479 547567
5861 571358
42 3857
9008 721706
8656 1007239
6526 858543
7277 860079
2983 325601
949 88656
8056 873297
2787 293885
5641 604516
342 39326
3188 329050
6013 616444
4121 488582
8375 919618
8613 855487
8473 855228
9388 1060105
7936 858734
3670 425745
1572 155213
101 11093
998 112483
9561 1053988
2449 279452
144 15706
1041 100591
3909 447838
7959 718219
6629 689587
3829 405689
1293 136316
838 92758
