50000
100
1380 138223
799 77382
432 41148
794 93579
313 32106
1362 119994
906 87936
3261 324339
1775 175732
978 117641
1296 116221
236 29274
957 97464
1635 172119
633 59377
220 24024
1176 98697
783 77144
951 103887
1142 121092
919 89297
1017 104236
2030 231203
994 108523
225 23084
118 11566
3373 312332
1093 111945
864 81290
587 65109
747 78365
1484 145042
1958 162787
713 78878
621 49155
330 34435
1743 189464
1032 106213
891 99665
1526 153211
1024 103808
336 35725
566 59743
1601 175862
247 26669
583 61359
580 59150
733 78045
801 78971
1589 176390
1212 137087
1068 110290
1012 101562
635 57717
1479 138266
242 24498
775 87747
733 69579
1171 119505
1476 131802
1485 139495
861 95250
285 28314
683 61109
66 7675
443 42655
1094 108956
188 18271
2399 255006
1733 187016
207 22348
130 13697
327 34183
2223 228708
781 70026
839 77578
187 16153
396 37508
2552 240947
481 46653
2607 262557
309 34829
493 45481
1416 157786
1676 167317
2155 197516
935 94433
3122 356501
98 9147
721 71544
246 29777
452 40606
1245 136306
1963 188377
552 50205
445 43000
2034 208176
920 89958
504 53943
664 60210
