25000
50
1284 121251
433 56855
1076 103695
4075 406845
1810 202082
33 3609
944 94480
629 56633
442 48053
1344 135579
584 53209
1163 112198
1229 125394
1969 230272
1513 159109
603 69000
1324 129903
1317 171777
880 80164
259 24757
965 88336
571 54781
807 68229
694 69027
816 81106
1185 101446
572 55430
657 64488
524 60471
2071 213347
1102 108353
971 89451
274 24378
1043 109321
1751 156514
723 66527
543 53920
404 43239
1394 148414
486 49898
2077 244385
551 60095
2341 247922
623 59668
575 56609
1422 137153
1537 147075
1205 118418
944 105240
450 41785
