8000000
2000
5890 1107320
3271 150466
3420 1665540
3063 1528437
9687 2295819
8009 480540
5834 414214
4800 2299200
1856 506688
5014 1960474
6059 2314538
202 57166
5351 1214677
2324 801780
3091 868571
7336 1635928
7488 329472
7762 3260040
6823 3315978
178 86864
833 193256
4790 2347100
865 335620
1299 403989
3449 120715
9740 2775900
1873 496345
4921 2342396
9581 4004858
4125 259875
702 18252
7656 3253800
642 202872
9154 4091838
6302 1462064
7967 2398067
5171 2445883
6663 1952259
4267 281622
5914 1135488
4534 562216
4813 539056
2385 333900
2406 233382
8745 1163085
9363 3848193
636 8904
1283 19245
5861 1746578
2823 731157
8506 3512978
6758 223014
8769 26307
2157 440028
6613 2565844
9343 2251663
1705 603570
2119 254280
8427 1870794
3375 324000
961 191239
6342 291732
1013 360628
3732 59712
7247 1898714
1264 476528
9608 2017680
9761 1503194
6520 189080
905 387340
2253 241071
8356 3125144
8055 2867580
7891 3637751
3092 1004900
6414 2969682
7680 2572800
5430 504990
676 296764
8661 1818810
3120 1494480
6955 1676155
2076 909288
3773 373527
4919 1490457
2178 58806
6318 2678832
1181 73222
6755 1837360
8959 1935144
5639 2013123
2144 265856
5869 58690
6333 310317
1097 130543
6571 1235348
6871 735197
3299 1464756
1835 33030
7788 1261656
7655 3054345
2367 617787
6404 2471944
5203 1878283
8521 1329276
4845 847875
383 77366
342 169632
9038 4455734
309 21939
520 147160
6694 2838256
2794 821436
4334 1009822
954 368244
3812 1132164
5925 1481250
5470 1750400
8032 891552
6667 1093388
1838 586322
7867 47202
7125 484500
9192 3355080
427 43554
8221 2918455
5184 1347840
5436 1706904
2956 874976
1040 342160
8597 1212177
7166 1898990
9679 4703994
8781 2704548
1219 343758
5572 1671600
7979 3319264
2714 1237584
5085 457650
7060 2520420
2613 854451
4646 859510
4630 2032570
3710 997990
2831 1220161
6622 1794562
3688 184400
1988 373744
5984 748000
8714 1856082
3837 1469571
386 85306
159 26394
6184 2999240
6592 2570880
113 25990
6103 2447303
4625 2030375
2505 814125
5406 135150
4698 714096
5554 1449594
1449 302841
7010 3245630
2462 1152216
1274 466284
3461 889477
3420 1333800
431 67667
9277 1855400
9571 2364037
4895 44055
6901 2442954
9957 4410951
2979 816246
4897 2355457
4838 2210966
8449 1579963
6110 1215890
9855 2237085
8749 3735823
2805 490875
8025 3715575
8439 2548578
1650 780450
8887 2888275
167 18537
3861 996138
3346 1602734
1635 810960
8923 4416885
1561 323127
462 67914
6244 2847264
4294 918916
5515 71695
4615 563030
1014 108498
9470 1373150
8933 875434
1116 87048
1509 620199
7940 952800
2956 1374540
7650 1002150
401 120300
682 119350
7890 2004060
9312 800832
3897 592344
9971 4237675
9312 1024320
8508 3224532
5247 1757745
4539 1656735
5129 1800279
735 9555
8294 2902900
5523 2623425
2028 823368
7155 1681425
5379 1188759
6612 634752
8803 625013
5786 173580
5095 1401125
4088 466032
1870 770440
893 38399
6258 1695918
7256 21768
6020 2010680
9633 2263755
22 7326
2554 620622
5224 705240
8766 3997296
124 14880
4086 596556
7245 1289610
8321 2071929
451 74415
1908 780372
3995 499375
2059 782420
5086 1647864
5467 1825978
8251 33004
4691 1637159
9712 2117216
2419 55637
8733 4244238
2645 568675
8207 2700103
8071 3648092
605 21175
2777 1321852
488 81008
8061 1386492
1720 722400
8005 2841775
8162 2260874
8243 3495032
8803 1514116
6537 1150512
9887 701977
2965 1414305
9268 2734060
1730 19030
3294 639036
3549 1178268
3002 1293862
8950 3060900
6447 212751
1773 654237
1131 408291
8373 2227218
6602 1657102
9775 1603100
7220 758100
8912 401040
6593 3177826
5553 821844
1859 856999
7821 1392138
7370 257950
9555 3860220
3646 1564134
7623 2698542
1697 510797
4567 461267
9390 1220700
1053 223236
6687 100305
9034 560108
4811 1096908
5554 2710352
8390 3238540
5647 1445632
6729 2725245
1526 42728
6989 3340742
4346 2099118
4443 875271
7574 3582502
148 8584
8426 3185028
4872 954912
7168 3067904
8562 2320302
533 225459
8403 3218349
7710 1626810
5118 962184
5447 212433
1714 834718
5238 2100438
9281 529017
7372 324368
7550 792750
1502 450600
6252 1850592
114 35112
2173 169494
8015 3374315
9276 3283704
1081 455101
342 136116
516 201240
7264 835360
1798 726392
3169 915841
5641 338460
8670 624240
1910 540530
7172 1534808
6746 1578564
5039 468627
3930 1194720
1708 358680
386 77200
1086 487614
4653 153549
1495 608465
9724 2985268
4932 2066508
4647 209115
1745 188460
8287 1425364
7893 749835
5542 2771000
7151 2331226
31 13082
8153 1875190
4309 2128646
7704 2896704
7810 210870
6381 63810
6600 310200
8129 2845150
9937 3388517
7562 2782816
5969 2686050
1998 865134
7840 1669920
3381 1305066
8763 3794379
625 235000
2478 161070
7759 783659
4752 1582416
8965 3352910
7208 1203736
8399 2360119
5140 457460
3927 153153
7349 2153257
5640 73320
1711 188210
686 150920
33 15312
7455 1535730
5051 1308209
4626 407088
1138 327744
3039 1197366
8563 1849608
5376 2257920
7736 3024776
990 361350
3057 553317
4665 1138260
6167 1073058
3722 480138
3579 1553286
2469 938220
2550 795600
1648 65920
9680 3504160
7151 2295471
80 2640
6772 2261848
3428 620468
955 442165
6509 748535
9813 2629884
6260 638520
4933 937270
4913 1385466
6167 888048
2922 344796
469 124754
1430 364650
6942 2478294
2780 1086980
8449 1343391
1580 641480
998 66866
699 139800
7007 7007
2662 250228
6348 1606044
6320 695200
4793 2228745
5393 215720
2901 43515
3130 1533700
3412 283196
6504 3017856
5714 1274222
7267 174408
5200 733200
870 408900
6601 1557836
353 154614
1174 565868
2282 203098
8466 3428730
501 237474
8307 4111965
6969 2613375
5593 967589
8397 3090096
8447 1655612
9374 159358
3999 1295676
7501 2520336
3751 228811
4761 247572
5437 587196
8822 1517384
4554 27324
9097 3966292
8544 2281248
4464 593712
5099 662870
5040 2278080
5286 1215780
3530 515380
4957 54527
6722 1962824
8043 3555006
1121 493240
6921 2588454
6910 1492560
615 306270
7384 51688
1934 203070
7232 1193280
6675 206925
344 103544
3777 985797
4546 2113890
6994 3035396
5586 2603076
4605 1588725
7193 402808
6140 632420
1201 91276
8681 2760558
771 40092
5160 1140360
1734 502860
2325 539400
7074 3162078
5372 510340
240 106320
4590 807840
4029 108783
4106 1560280
6821 2510128
9809 2795565
9550 1699900
6095 1682220
8229 2715570
608 184224
8470 3938550
7435 1100380
1957 250496
2227 530026
7403 251702
3906 1671768
9339 2166648
3067 779018
495 222255
1704 771912
4556 1685720
469 207298
1402 524348
4858 2385278
2045 32720
9700 2492900
8156 929784
8932 1866788
8029 2047395
3942 248346
9135 4074210
8506 867612
2976 20832
7495 562125
3400 10200
8672 2809728
7782 3470772
1072 375200
1504 51136
763 264761
1559 132515
3129 1530081
8144 2011568
677 257937
283 71882
2787 41805
8820 4286520
3506 1135944
9710 903030
4049 1085132
2344 140640
2722 1249398
8337 2326023
3666 392262
9468 4241664
7197 618942
9402 1128240
2810 89920
2185 620540
5823 2894031
1808 222384
6355 139810
6477 524637
4791 862380
2685 902160
5733 1192464
1369 543493
8143 1685601
6686 1069760
6840 1703160
7261 2628482
4987 733089
5126 30756
9874 4216198
6005 2924435
3296 1321696
896 377216
6645 511665
5893 2769710
6784 2367616
3096 1235304
4373 1674859
4435 1432505
286 98956
9374 2999680
2470 1012700
3342 1590792
551 216543
4728 1030704
1913 830242
4395 1762395
7095 2859285
6310 1053770
2548 168168
9318 3224028
846 337554
1714 377080
9029 4099166
7110 2829780
9163 4050046
3711 1347093
2810 1315080
5442 1648926
6912 698112
1494 333162
1785 537285
9506 1444912
9936 4332096
5835 2730780
3936 247968
5118 1340916
4888 14664
9751 4612223
7484 22452
4270 2100840
4139 1291368
7000 2870000
5574 1203984
7954 2052132
8705 2881355
5445 59895
8178 1889118
5589 374463
3089 589999
2395 356855
1412 425012
5479 498589
2248 11240
9641 1166561
9828 2594592
304 7600
9807 4726974
8927 3642216
211 56126
3687 840636
1608 249240
1869 506499
8423 951799
9497 2545196
7352 2852576
9481 1858276
7180 1795000
6428 2359076
5319 2414826
8966 4061598
8462 1785482
2330 671040
5223 1300527
268 9916
5858 2700538
374 58718
5851 643610
5054 70756
7900 3452300
8295 1559460
9683 3079194
8804 3301500
5775 213675
4692 1736040
2604 1127532
683 287543
4943 2313324
8026 3186322
5959 47672
395 6715
2470 1025050
9390 3145650
4035 197715
8817 414399
2653 1310582
2842 1239112
362 17738
2329 246874
2429 821002
7971 3810138
2191 907074
2956 676924
9884 4398380
1002 274548
343 26068
6212 2627676
9205 2770705
2583 743904
181 46336
9144 2743200
625 19375
4173 1243554
9800 950600
2189 80993
527 124372
335 109880
2382 938508
6673 1895132
6408 1076544
3977 1308433
8059 3570137
9302 3078962
7053 2390967
8232 773808
3657 1407945
413 5369
401 38095
2848 1184768
6782 2156676
5343 817479
5313 2390850
1148 36736
8651 475805
7058 1849196
4083 1959840
4954 2174806
4507 486756
21 714
8996 1745224
7216 2294688
18 5976
6915 3395265
6060 2642160
6585 3213480
3357 728469
7261 907625
1741 644170
1994 961108
390 171990
6867 659232
9063 3362373
8203 3396042
1272 188256
7703 238793
3843 488061
1949 526230
4125 1629375
211 2321
2924 87720
9505 665350
5639 1212385
7119 3061170
7974 1810098
3293 503829
3986 697550
4617 1181952
2602 137906
2449 781231
9861 2287752
6751 1640493
9778 2024046
9298 4035332
8454 2257218
4392 1567944
6533 2743860
7639 53473
4076 338308
2143 679331
8094 3812274
7062 2019732
2379 806481
338 86866
4705 1256235
8777 2255689
619 176415
9789 4679142
2654 122084
3782 869860
1109 44360
2071 807690
3123 49968
3861 1162161
8428 2317700
284 118996
1889 122785
4955 1828395
9688 542528
2125 762875
2572 496396
5636 1792248
2348 732576
3030 905970
2327 1009918
9881 1758818
4435 337060
8036 273224
472 77408
3176 1365680
7784 755048
3786 113580
3594 262362
807 96840
855 286425
8886 3714348
2707 500795
6274 1788090
3433 1390365
6248 2205544
5511 2314620
1081 82156
8190 2899260
4396 536312
6348 241224
2456 439624
4953 1545336
5261 2430582
7253 1029926
1819 265574
3996 1438560
4620 845460
6145 2716090
4597 78149
2440 280600
8689 3979562
5265 105300
9180 2175660
2638 670052
5729 1993692
2253 60831
2437 472778
3200 563200
1219 608281
7252 2016056
1242 65826
7356 1544760
2250 965250
2780 1214860
7596 2081304
3853 173385
46 92
396 163152
3974 373556
4011 1038849
6566 1155616
1127 437276
8683 1719234
7237 2105967
882 182574
1997 27958
2465 24650
3952 1936480
4428 1837620
2459 9836
575 287500
9156 2261532
2630 410280
1881 141075
1285 203030
3261 1333749
9151 1775294
6097 548730
5480 71240
3806 235972
1486 68356
1768 24752
373 46252
4946 252246
3445 1419340
5505 187170
4689 384498
6967 3365061
286 36608
9525 76200
9275 2504250
427 84973
9261 685314
9196 395428
6995 1168165
4741 1474451
8916 427968
4043 1843608
4730 1839970
4627 615391
4140 1055700
1994 929204
6344 666120
7237 3169806
446 42370
4624 198832
2876 1023856
2642 715982
9420 1064460
7000 2016000
973 440769
8144 3477488
5375 2402625
9745 3605650
3431 1286625
3930 463740
3819 362805
2940 308700
1247 34916
8864 1950080
6267 2732412
3030 412080
1401 304017
4026 1030656
8977 3842156
9566 3022856
3377 1550043
3382 1180318
2550 793050
5119 783207
8852 3735544
1889 517586
4067 1488522
9636 1532124
7548 1675656
8774 3351668
3024 169344
2476 334260
8363 2475448
4567 1790264
4287 167193
2199 712476
1358 535052
8747 3323860
3723 1563660
2031 359487
5136 1951680
7456 641216
2670 1225530
2907 1279080
9425 1338350
4093 965948
37 5624
479 158549
9656 3543752
6325 746350
5110 700070
7047 2861082
8834 3719114
3450 1659450
6226 2695858
1614 527778
8641 993715
4209 2028738
9237 3002025
7948 1414744
9275 1252125
592 181152
8107 1702470
2103 323862
2882 1072104
6389 51112
3754 435464
4606 718536
3148 358872
218 76954
2173 84747
599 256971
6961 2220559
6015 872175
9181 1441417
7673 2700896
5809 2201611
6502 208064
7967 892304
684 12996
2609 649641
2333 839880
2322 970596
3365 642715
636 174264
9905 1644230
9199 239174
6430 495110
7465 2986000
8828 3407608
9366 3128244
569 64297
2304 677376
3264 757248
9046 3247514
6003 1044522
4898 989396
8975 2665575
2351 646525
909 417231
1815 344850
2651 113993
6808 1919856
2481 493719
2436 881832
7926 3320994
5815 87225
7312 1820688
424 5088
10 2950
514 128500
5721 1744905
9955 2827220
1502 16522
8959 3072937
2158 92794
661 305382
984 6888
1061 300263
4769 1621460
5349 139074
2832 84960
420 175560
5253 2615994
1717 563176
3230 1511640
6570 2529450
4137 330960
8818 3976918
9831 1985862
6672 707232
7712 3316160
5411 2094057
4443 528717
9196 2032316
3354 1049802
6886 406274
9151 4145403
2784 417600
7332 1664364
5972 2155892
7889 1041348
2538 449226
9995 2328835
1557 532494
8350 3306600
4980 2300760
8158 146844
8549 760861
6192 2619216
8866 3324750
1173 519639
8379 2580732
5411 2499882
7487 823570
8202 3535062
766 206054
3191 1426377
5048 131248
3255 1321530
494 150670
1251 288981
8083 3742429
2170 366730
3653 1713257
1340 631140
9869 621747
4227 946848
633 286749
4536 952560
759 276276
5652 2684700
6293 830676
605 69575
5104 816640
6019 1552902
8594 2896178
768 331776
7959 2013627
9851 2846939
905 368335
6108 1734672
6902 1621970
3106 981496
6932 2336084
4381 845533
7174 2718946
6103 3027088
8119 3369385
7397 784082
2250 1055250
9867 1785927
6054 865722
4579 288477
6548 176796
6829 2738429
7876 3670216
457 10511
7752 1899240
9298 2315202
7884 3752784
1194 368946
7067 494690
8998 2825372
7058 1552760
8267 2719843
9972 1246500
4428 611064
5468 136700
3590 1547290
1361 600201
4908 1668720
6164 869124
3549 149058
9701 1959602
3346 190722
8603 1608761
1358 119504
4034 1863708
6618 1277274
7471 866636
122 4758
6961 334128
3634 79948
8489 1646866
181 21358
1416 543744
77 9702
8002 552138
3874 1053728
8898 2518134
4883 2314542
477 70596
917 22925
1910 271220
2171 275717
9389 676008
7535 391820
3661 1812195
8511 1855398
8554 2061514
6014 6014
9323 885685
4746 1561434
1427 331064
4600 165600
3574 650468
8728 3849048
5509 2010785
4312 2000768
9669 2900700
6340 1502580
6775 2439000
8632 4031144
3548 67412
9387 619542
2527 437171
8573 2640484
1829 609057
2358 268812
5954 1399190
6367 2470396
2090 292600
3894 1378476
8481 678480
6306 1381014
8048 3187008
8549 2026113
788 183604
7525 421400
529 151294
5470 1044770
4031 1987283
1181 350757
6350 927100
8967 923601
8792 1978200
8623 1034760
8675 3096975
4188 1415544
7991 559370
6121 2858507
3935 121985
1209 88257
637 268177
9664 3817280
1965 11790
671 274439
641 189095
3823 191150
5442 2416248
4579 435005
8549 3915442
6714 2457324
4431 1812279
1889 491140
259 12173
300 138000
2779 105602
7896 3916416
1428 422688
1102 182932
4016 313248
2102 266954
7105 319725
8135 2936735
6948 1966284
7536 1341408
6926 1890798
8142 3273084
6342 2105544
6024 2373456
5628 2448180
917 190736
8439 3333405
5718 943470
7969 1912560
4789 1374443
3746 985198
7250 1203500
1921 614720
2753 569871
3583 118239
8886 3527742
2212 437976
8571 3591249
1933 724875
7285 2884860
6948 917136
5547 2152236
7036 1062436
9125 3449250
4970 173950
1009 308754
8816 1569248
9172 871340
804 134268
8467 67736
1281 383019
4962 29772
7023 3139281
9692 48460
367 176527
1701 81648
2860 105820
8575 1320550
880 125840
3187 611904
9489 3140859
5380 177540
6609 1308582
113 36612
5221 1733372
2161 32415
7433 1129816
1685 106155
2690 1035650
3432 1160016
1687 259798
1869 493416
2462 216656
8950 1691550
8414 2364334
9356 1300484
9220 3761760
8839 2881514
5619 398949
3266 718520
8148 2330328
8751 525060
2930 694410
9318 2087232
9230 959920
15 1455
6258 2421846
7545 3485790
1308 412020
5806 795422
1553 49696
8571 3779811
1519 355446
7606 2981552
5683 2318664
3111 149328
8232 296352
6805 3123495
4946 583628
7086 21258
2746 1351032
4350 735150
3742 1680158
764 81748
5035 1042245
9134 127876
8965 735130
7276 2793984
8151 1793220
7919 1472934
1963 957944
2197 166972
9713 398233
3367 232323
8866 239382
478 136708
137 41237
703 196840
2854 1021732
106 8692
1598 439450
8091 614916
6969 1874661
5621 1315314
1635 430005
6198 2665140
5138 796390
3733 1138565
252 123732
3084 77100
9577 2652829
5514 821586
6216 2536128
4517 677550
5330 2275910
6784 3154560
4925 1905975
4871 1466171
3087 1534239
8569 231363
9339 3502125
5955 2822670
8309 2102177
5915 2206295
2597 984263
6886 1218822
999 127872
4495 1923860
419 29749
4905 1966905
3176 44464
4773 66822
1891 661850
7169 537675
4746 607488
5433 755187
4800 2313600
4706 936494
2392 476008
7896 3687432
3528 1531152
4160 2063360
8934 848730
145 18850
5945 1759720
9602 2717366
2164 491228
3563 1225672
9548 868868
2021 580027
3777 1465476
4997 1773935
1105 346970
8327 1082510
3157 179949
6830 1611880
5145 833490
9339 551001
5600 940800
2255 983180
3234 1089858
8467 508020
1130 101700
2987 988697
2345 192290
1208 512192
1248 54912
2796 176148
8896 2784448
1796 562148
8568 2776032
4818 1040688
1768 556920
8436 1602840
2335 555730
5042 1023526
4143 1752489
8156 2675168
8311 731368
9326 2937690
8940 1394640
895 412595
4641 1791426
3995 1514105
3517 1132474
304 5168
8899 2927771
333 141192
6403 3131067
4123 399931
4987 1949917
2735 1031095
7289 3454986
8723 3960242
5561 550539
4701 1523124
90 35910
599 26356
2135 219905
4427 1664552
2734 224188
1520 460560
6712 1141040
5367 2393682
3629 14516
646 203490
5753 828432
9424 3373792
1047 4188
4151 1212092
7372 1592352
1443 428571
6093 450882
4696 28176
341 58311
9679 4616883
1815 70785
7409 3415549
7833 806799
5437 445834
5633 1667368
5918 935044
4946 2116888
812 394632
3897 1336671
98 10780
8167 3144295
4640 1141440
2197 845845
5475 2715600
6350 717550
5283 1061883
2201 1041073
2513 108059
3070 721450
8048 3380160
6959 1537939
6226 87164
3808 792064
7124 1182584
9408 3772608
8995 1196335
638 169708
9051 4226817
8193 3252621
3732 854628
6944 111104
9139 100529
4065 1264215
9548 1050280
3942 1675350
8094 3164754
6672 1374432
3936 1641312
3612 465948
8432 2445280
5527 221080
5027 2428041
5294 1064094
5193 1012635
4028 1538696
8745 1442925
7551 1057140
2299 919600
9503 1701037
8690 2737350
9418 1864764
4938 1175244
4689 628326
8166 3805356
9439 1179875
9522 3932586
698 279200
7529 3229941
6505 3232985
8436 379620
2563 607431
4644 1128492
5414 1900314
8833 2058089
673 240261
5308 1974576
4112 1690032
3161 410930
8989 1474196
2504 583432
7943 619554
3823 447291
5946 1314066
9996 779688
2671 1284751
3811 1676840
2674 1227366
7972 1586428
4114 1583890
2621 767953
5101 1866966
6781 433984
5192 83072
3382 236740
6732 2921688
8061 1886274
609 125454
3383 1654287
2447 337686
7361 154581
9788 97880
6385 1462165
6638 2562268
6916 546364
9857 463279
5969 2548763
6276 2121288
2599 322276
8782 720124
9576 3734640
3351 596478
7152 2918016
4798 1976776
9669 3316467
3979 1062393
381 129540
5374 1166158
3035 616105
4531 1477106
2744 688744
8867 2855174
2507 1047926
9455 3564535
2677 915534
5368 2093520
2655 469935
894 279822
8104 2252912
625 180000
9817 1384197
379 153495
6340 1293360
9301 399943
2197 305383
3433 837652
774 210528
3273 422217
8887 2826066
4719 995709
1115 331155
5186 2463350
4720 2227840
8679 1189023
5965 2869165
5330 778180
8354 1010834
6862 96068
9532 1324948
3800 684000
8344 1835680
3278 1235806
8974 1462762
5835 1400400
9961 1533994
7384 827008
9284 2413840
4147 1920061
5155 2165100
2237 387001
3842 326570
9822 235728
9434 2396236
2063 290883
1775 411800
1167 547323
6 1716
8052 1167540
6411 762909
8447 3209860
5199 733059
9954 3245004
2674 131026
2060 842540
6321 2066967
9518 2598414
9121 2572122
7351 396954
1913 447642
2827 251603
1369 506530
7455 984060
5890 1437160
9203 1601322
2029 391597
2094 910890
810 216270
3646 1640700
5326 186410
7337 205436
2379 842166
458 118164
6363 2297043
4011 124341
3655 570180
5709 1695573
2024 461472
8482 3969576
9608 1220216
7810 218680
832 255424
3689 944384
4150 672300
8490 1791390
3757 184093
7313 2033014
8706 3787110
2184 1002456
7381 3365736
6681 247197
3996 1914084
384 10368
5549 1625857
5137 1700347
6929 692900
4430 1820730
7326 3018312
9549 3132072
849 118860
6242 1729034
4070 1139600
4254 25524
6528 2350080
7099 1583077
7789 2624893
6837 328176
5805 2020140
5862 1477224
2653 456316
8537 1468364
870 412380
8844 114972
5438 712378
3665 461790
3467 748872
1298 399784
4075 163000
9217 2645279
389 124480
1205 583220
6643 1335243
4848 1153824
6542 2924274
9730 29190
9748 1325728
3199 1270003
5105 857640
6283 816790
8685 3908250
3400 68000
3384 900144
1190 114240
815 108395
3151 1121756
3529 589343
2419 355593
6442 2164512
1612 340132
9779 244475
6997 1553334
2964 963300
2630 786370
8576 3541888
2102 908064
8788 1212744
5017 1871341
3661 139118
2099 18891
9465 4098345
3072 657408
4375 170625
6795 3234420
8671 3225612
6255 2301840
3965 658190
5764 674388
4042 1289398
9370 3888550
1286 77160
6519 873546
7311 2493051
2315 122695
353 166263
69 207
5528 613608
8630 1492990
3764 417804
3325 149625
3886 959842
6933 2274024
4768 1540064
5447 702663
2811 193959
932 155644
5082 1783782
4120 1256600
6828 969576
6471 1365381
1406 662226
734 140928
2255 1059850
5506 1827992
8678 373154
9951 1940445
9671 773680
2671 1228660
7808 484096
8925 1856400
9582 2567976
1339 657449
2722 851986
9126 556686
1660 302120
9985 2785815
3539 920140
7795 2556760
8896 1209856
6493 2227099
9428 4638576
6481 129620
5988 2754480
1756 428464
9787 1477837
859 223340
1783 190781
1009 77693
2353 197652
8547 3350424
1589 14301
9824 117888
9180 3580200
4736 1122432
2734 1235768
1456 454272
6529 2428788
521 127645
7879 3309180
9648 3174192
7488 2321280
4453 2017209
231 112035
9056 4374048
7213 3361258
2545 771135
7030 738150
4539 1774749
9581 1197625
8967 2734935
3413 593862
3153 1440921
4670 14010
5195 1828640
1792 512512
411 81378
7626 3515586
4455 922185
7180 366180
409 24131
5858 1265328
6790 305550
6839 1743945
4168 2004808
9621 615744
3988 530404
8321 3602993
8348 1886648
2172 158556
5379 801471
3021 1425912
2098 853886
9430 886420
3759 785631
3106 860362
3075 1146975
2871 1300563
8116 3319444
6370 859950
8879 1278576
7491 764082
7590 1153680
1482 658008
3721 226981
2626 963742
5556 1811256
3832 547976
8759 2724049
4917 422862
9093 2582412
8275 3218975
5453 1494122
1042 120872
2570 1025430
9243 3484611
8029 200725
7389 332505
241 5543
6843 656928
8395 235060
4156 1325764
3438 670410
8199 565731
4529 1603266
2602 122294
95 22040
8842 2104396
7379 427982
8737 4307341
6444 135324
1269 348975
5708 2659928
5106 2394714
8985 3881520
4944 1740288
1556 245848
1571 675530
6075 2278125
4421 1392615
9796 1293072
4875 375375
5789 1441461
8786 2187714
1845 699255
9709 4000108
9268 1946280
3968 563456
3057 752022
4558 214226
4984 2178008
9853 4906794
973 40866
1508 233740
7969 621582
5776 467856
1006 284698
5966 1640650
299 14651
3720 1175520
226 14238
9702 4656960
7826 242606
895 29535
6122 1799868
1131 470496
667 222111
6671 2101365
21 7560
2174 817424
742 198856
5236 439824
7251 1928766
140 58240
8184 515592
7547 407538
2799 1351917
6624 3133152
2177 677047
2370 246480
3327 835077
2145 712140
3234 1186878
9978 4599858
7836 1151892
8518 4165302
3080 83160
8009 232261
8288 1019424
4158 307692
2498 534572
7636 2840592
3539 1015693
5991 407388
3336 293568
7139 2220229
1782 539946
5203 1602524
6504 2660136
6873 3168453
4380 223380
4512 2201856
6366 1623330
8389 2751592
6529 1083814
3584 548352
9648 675360
2342 210780
9029 2609381
7018 631620
5866 492744
9490 3017820
8209 829109
5796 2324196
1977 29655
6602 435732
5239 2137512
2606 935554
6502 2061134
2035 321530
1606 277838
7192 2100064
4854 2111490
2911 823813
2734 776456
4443 142176
9115 4019715
4584 100848
8420 2054480
8430 2756610
2884 1367016
3248 12992
9643 2082888
2141 259061
6395 1726650
5884 1406276
8416 1296064
7128 1183248
8345 1368580
4886 850164
9950 1731300
247 33839
8582 1733564
6105 2503050
5734 1789008
5489 2140710
8251 816849
4580 1085460
4665 2201880
9296 706496
7567 794535
6100 2440000
9859 4219652
6713 1530564
1467 498780
685 69870
2621 558273
5196 2333004
7031 365612
2661 819588
9497 3665842
3646 1706328
8480 1696000
328 149240
7043 14086
4371 1223880
3189 271065
8075 2083350
1080 344520
7800 1669200
9857 285853
1994 602188
4086 1806012
6100 2391200
4051 1130229
1620 293220
742 323512
6222 883524
76 76
4075 513450
5115 895125
7662 3126096
7289 2791687
4280 753280
8910 3617460
4956 2205420
8959 2840003
7823 2143502
6258 613284
2452 605644
6117 1859568
1062 52038
6012 2098188
6209 571228
3278 953898
1724 620640
4545 49995
5111 2075066
8252 3952708
6293 1743161
8599 920093
920 312800
655 176850
6623 2132606
7973 1291626
1196 255944
1770 309750
2980 1287360
6200 2449000
3718 237952
994 139160
937 208014
1393 175518
1666 616420
6551 58959
8021 2767245
9466 1609220
630 110880
7823 3277837
2030 613060
8477 3051720
5188 1670536
346 171616
8013 2980836
3065 674300
7751 1480441
6630 364650
4230 1624320
9530 66710
5678 2600524
7795 3188155
3216 405216
2898 483966
4442 470852
927 100116
4139 1705268
3367 1454544
3071 518999
7786 677382
8864 3527872
3283 1598821
2050 975800
7694 3593098
4516 2050264
7978 3893264
587 270020
4075 305625
4877 1492362
4716 565920
7232 1540416
