5000
1000
18 1711
13 1359
3 314
5 461
11 1032
10 858
6 523
7 673
7 768
5 525
10 903
8 808
7 711
13 1017
9 1065
8 953
9 811
14 1500
5 519
13 1113
6 640
9 845
8 840
6 610
9 960
12 1300
16 1360
6 608
7 586
14 1449
9 915
10 936
9 810
9 936
11 1137
8 704
7 743
13 1315
3 292
15 1442
5 399
10 917
10 1119
11 1340
11 1037
10 875
8 723
10 1153
9 860
11 1086
8 823
8 811
14 1349
14 1221
9 990
11 1182
9 921
10 1042
11 1260
2 190
6 668
5 537
10 1034
8 678
4 431
8 828
9 1085
12 1264
8 748
12 966
10 1057
11 954
17 1611
10 891
11 1086
12 1158
7 655
11 1159
6 587
9 1023
15 1452
12 1409
9 999
12 1157
8 621
7 585
11 1107
17 1611
12 1043
7 605
10 924
14 1260
7 705
9 1039
14 1120
7 813
10 678
9 975
5 498
13 1375
13 1526
16 1554
10 1108
6 607
12 1120
9 923
18 1870
12 1295
7 516
8 845
4 281
10 838
8 880
10 960
12 1205
12 1252
11 1207
12 1122
10 1042
11 1177
12 1254
11 1132
14 1595
14 1501
7 826
9 776
12 1209
9 836
7 763
6 632
11 1053
13 1286
16 1627
11 1145
9 939
14 1399
10 1126
14 1397
4 397
13 1507
10 1100
4 396
8 895
7 641
17 1503
7 750
8 718
6 598
13 1190
7 729
8 835
7 645
10 1141
11 1153
11 1145
12 1282
4 412
6 511
11 960
7 719
13 1218
9 857
13 1418
9 805
6 511
17 1617
9 850
12 1150
16 1616
10 709
6 573
9 738
10 864
13 1156
9 728
12 1290
10 1050
12 1403
5 443
9 850
9 1072
14 1270
8 879
10 1160
10 1042
13 1351
10 1099
6 533
11 1188
9 918
3 387
4 386
10 1064
14 1549
9 824
12 1255
6 530
10 1220
17 1918
13 1300
13 1331
6 702
13 1160
16 1576
16 1676
6 683
5 520
8 659
12 1246
10 890
9 893
6 618
10 1065
7 584
16 1550
14 1504
11 1148
6 599
12 1151
6 646
12 980
11 1002
9 862
17 1645
11 1030
7 696
13 1604
19 1915
9 789
6 629
8 831
6 600
8 592
9 704
11 1162
9 839
9 830
10 802
10 1040
4 373
4 442
7 732
4 492
14 1477
14 1485
14 1132
10 1021
6 622
13 1153
9 936
8 741
10 927
9 954
9 949
9 929
15 1488
14 1702
9 971
10 1054
11 1122
5 489
8 763
13 1221
6 580
6 589
9 820
9 957
8 777
10 792
11 1336
6 564
4 407
9 752
8 868
5 570
16 1509
14 1385
10 981
7 728
10 1020
13 1415
13 1289
15 1312
7 647
7 734
7 729
8 763
10 906
12 1115
8 786
9 991
12 1260
2 222
7 625
6 619
10 917
6 620
20 2119
18 1929
6 613
8 787
8 735
15 1885
9 1125
6 598
8 732
10 997
8 774
14 1463
13 1264
14 1492
6 588
7 564
7 722
9 998
7 782
5 440
9 1073
13 1251
9 948
11 1172
12 1121
9 829
12 1394
7 695
11 1057
12 1104
7 757
10 1087
13 1070
12 1348
10 1038
11 986
7 671
12 1283
13 1317
5 458
10 1116
7 723
6 592
8 760
11 1236
7 701
7 800
16 1737
4 370
8 659
16 1810
9 845
17 2003
10 1053
7 708
14 1284
11 1025
13 1372
13 1406
7 763
8 781
6 564
5 447
6 559
8 793
6 608
15 1431
11 1370
12 1279
10 1162
8 762
6 666
13 1267
5 542
7 645
8 840
5 507
6 658
7 804
13 1338
13 1223
11 1033
14 1505
13 1462
9 926
9 764
8 813
11 1147
11 1106
13 1263
9 944
10 1120
13 1346
14 1617
10 1115
11 982
6 631
14 1323
8 840
13 1519
7 671
14 1446
9 751
12 1221
16 1848
17 1646
11 900
10 925
8 847
6 684
11 1120
5 433
9 923
12 1074
17 1551
7 747
7 717
7 784
10 975
9 871
12 1049
10 909
11 1059
7 769
13 1163
8 880
12 970
10 971
11 1313
10 968
14 1475
13 1261
7 680
12 1229
18 1622
11 1171
14 1504
8 865
10 1060
10 986
9 951
9 966
9 1049
8 718
10 1227
4 397
18 1464
10 1002
9 742
13 1109
16 1433
8 644
11 1085
12 1223
10 1165
8 754
10 1177
11 996
4 373
9 770
14 1218
10 1046
13 1413
10 975
8 843
14 1335
13 1300
8 947
16 1521
8 661
9 872
10 947
7 757
9 1107
9 876
10 760
13 1198
14 1437
10 1101
5 483
11 1108
3 278
13 1337
12 943
11 978
7 629
14 1451
8 772
11 1156
10 965
6 601
10 1078
15 1159
16 1780
9 766
7 723
10 1065
16 1511
8 829
10 1153
6 680
9 903
8 738
9 803
10 853
6 610
10 1076
10 1072
9 869
8 838
11 1033
9 917
10 1076
8 808
13 1409
9 953
9 689
8 774
10 903
12 926
9 1081
13 1280
11 1110
11 1225
10 1059
14 1343
12 1182
12 931
15 1497
2 188
8 784
13 1483
15 1500
12 1186
16 1997
15 1655
9 868
15 1323
14 1134
10 928
13 1318
14 1360
5 456
11 931
9 747
11 989
9 870
7 663
6 677
7 737
13 1473
11 1162
10 1039
11 1004
11 1276
7 668
4 407
8 719
6 543
12 1209
12 1209
14 1529
12 1090
3 290
11 1158
12 1389
12 1295
12 1121
12 1220
13 1245
8 655
11 1116
11 1127
14 1416
12 1190
10 1002
10 1043
7 694
14 1168
8 772
12 1191
8 867
11 1046
8 816
11 1177
8 847
14 1639
13 1033
3 286
9 995
8 1006
10 936
11 1152
13 1400
10 1033
9 948
8 860
5 480
7 757
13 1211
10 1159
12 1143
8 710
9 720
10 1105
10 962
7 694
9 735
16 1552
7 706
8 726
10 1076
7 798
9 825
11 1048
12 1089
9 851
7 632
12 1205
9 871
7 749
14 1307
7 822
6 626
14 1346
11 1177
11 1056
11 1137
3 250
12 1075
11 1310
15 1617
9 928
8 832
8 876
18 1655
11 1094
8 831
11 937
7 736
8 889
5 414
8 820
14 1396
7 735
8 857
14 1535
8 781
10 1152
10 1106
10 1054
10 1001
8 776
11 1272
9 931
12 937
12 1272
7 721
6 552
13 1312
9 672
12 1176
11 1068
8 740
13 1448
8 748
8 936
8 732
13 1390
11 1132
11 1007
10 987
10 1068
14 1262
15 1651
11 1038
11 1228
12 1046
9 843
13 1198
8 768
10 1025
8 869
6 599
11 1050
7 728
13 987
15 1232
12 1027
17 1461
16 1826
13 1403
8 813
9 770
7 769
14 1220
6 651
9 941
13 1295
9 853
13 1086
10 918
9 991
7 612
10 1031
11 973
6 580
9 947
8 804
14 1457
12 1234
11 1248
9 926
7 611
10 927
10 1062
7 650
11 1088
6 596
13 1269
12 1231
12 1186
11 1148
14 1399
9 969
10 1071
7 632
12 898
10 984
10 851
10 1039
12 1232
15 1449
12 1312
14 1305
11 1136
14 1581
7 728
10 974
10 808
12 1181
7 705
13 1134
10 935
8 654
11 1099
10 1013
10 842
12 1334
8 669
7 660
7 641
8 715
6 607
11 1043
10 970
9 832
16 1634
9 753
10 1136
13 1256
7 701
13 1264
8 780
4 439
11 1358
9 893
10 938
12 1107
9 809
12 1226
7 725
10 1168
16 1459
6 551
10 963
11 1237
12 1107
10 926
14 1250
14 1591
6 435
6 514
7 679
11 1138
9 743
9 885
15 1489
8 740
10 1025
8 882
8 837
12 1304
8 759
12 1280
6 523
9 996
8 734
8 928
6 523
9 990
13 1337
13 1111
10 1024
11 1187
8 708
6 640
11 1083
12 1045
5 548
15 1553
7 620
9 886
14 1454
10 987
6 643
7 767
10 1248
7 785
12 1278
9 853
10 978
5 550
17 2007
8 745
13 1243
9 1025
7 648
13 1504
14 1244
14 1523
10 867
9 1120
11 1194
9 932
7 703
14 1569
7 791
5 489
6 608
8 886
14 1490
8 695
10 879
8 818
18 1974
12 923
10 787
12 879
6 662
10 1002
10 1026
10 1053
12 1178
7 670
10 1114
9 1003
6 675
8 900
11 1260
8 778
6 544
6 629
16 1887
10 870
10 1144
6 659
9 979
12 1194
7 615
9 878
14 1563
14 1394
11 1219
14 1626
12 1052
11 1117
10 1023
7 744
16 1715
9 808
12 1128
8 891
10 768
4 414
13 1238
12 1229
11 1181
10 807
10 1033
10 1124
10 1145
9 914
10 915
7 766
9 932
16 1679
11 1241
11 1058
11 1262
10 1174
9 796
8 737
16 1616
8 731
14 1427
11 1169
17 1512
9 865
11 950
10 948
13 1076
7 746
9 925
10 892
13 1512
6 569
9 1029
8 716
9 801
6 554
7 675
9 1031
10 1004
5 514
6 622
13 1300
13 1328
7 829
14 1486
7 707
18 1780
6 683
9 906
17 1598
9 921
4 424
5 538
17 1412
12 1080
10 1023
5 536
9 1072
3 307
13 1263
13 1103
7 639
5 489
7 721
9 760
6 673
8 874
8 850
12 1282
8 768
12 1047
10 1013
12 1297
12 1300
9 1045
13 1445
6 617
9 708
5 389
10 875
9 1056
10 947
8 784
13 1214
8 741
14 1280
8 741
9 1116
6 646
8 705
15 1610
8 734
9 1031
9 917
11 961
19 2097
14 1478
9 940
7 738
11 1125
12 1154
9 917
10 1020
11 1055
6 557
9 776
10 933
12 1125
12 1208
6 581
11 1122
12 1126
10 966
15 1436
10 884
11 1194
13 1465
14 1417
