200000
50
7830 3241620
6979 2658999
3959 1753837
817 319447
2057 707608
252 44856
7084 2429812
3354 647322
4197 1103811
1773 186165
7235 1627875
7116 2469252
730 118260
7785 2164230
7055 3167695
6267 877380
3549 482664
2867 77409
5757 1859511
8684 4038060
4207 1396724
5528 1354360
5814 302328
5656 2200184
6390 1073520
654 255060
9941 4940677
1663 39912
8589 2456454
1030 273980
6742 2137214
3580 690940
9007 3485709
9031 3892361
3958 1325930
6636 2017344
8343 3153654
8041 1326765
9695 242375
100 5100
3185 1152970
1799 334614
9483 3157839
1290 620490
521 77629
7103 781330
9955 2120415
3557 682944
6290 94350
3997 1802647
