400000
100
4210 471573
347 33353
3622 365248
8031 759104
6551 619926
312 30505
5733 612173
4658 446721
5062 565688
4884 424899
5161 512024
8978 794196
3223 297604
6780 677524
6638 612104
9140 809280
2954 315516
6902 805130
3842 445974
8675 855539
8574 866270
7196 730654
5558 514404
4130 382552
6004 601761
9438 920080
8724 716160
3649 406169
8980 848712
6949 776909
7420 685582
7007 697578
3974 406839
2854 261490
982 106566
1055 84122
5547 558915
8892 893101
2836 302447
8622 1032458
3514 356748
8011 689678
2641 304945
2170 218542
1132 111370
9436 891063
3070 288380
6588 767472
421 30986
1154 81906
8664 930806
6471 549610
4372 445650
6365 605944
604 63045
8093 839783
4544 378209
9693 910891
7704 889371
3023 319394
8848 931699
3746 399319
6372 670441
6334 588736
4793 455276
8476 870240
5978 618132
2063 193449
5646 542327
8695 725161
7425 663563
6411 697084
1968 214943
8764 794437
6661 622876
7242 780090
9128 1006576
8803 905872
3088 288477
3906 397785
4802 467389
975 112724
1994 164035
8953 996209
6562 682839
5853 626071
8889 892942
2788 271345
4771 450756
5728 666835
3370 358934
7774 717610
6390 589427
3815 343374
6838 671815
5371 590864
6870 756105
7068 637671
1423 150444
4961 505066
