20000000
5000
5564 575224
561 51995
166 17205
375 36753
4492 418416
8956 1050444
5622 535954
4254 369476
6966 747397
9980 1009989
3923 337373
4925 495323
5515 580967
3350 322082
9214 918926
1635 162134
2685 247346
3905 386240
6892 548195
4505 409355
3288 349788
5854 703660
8349 838157
4255 454086
6756 659224
1626 160473
3244 361602
8219 747148
484 48754
5658 554046
1572 169959
8553 852302
5413 536881
2944 274679
1579 158829
6917 790492
4337 404318
3723 421931
1690 172757
7794 600352
443 50312
5401 565230
5142 553503
2516 261621
855 73413
6790 712046
5209 587989
1143 113862
8384 907515
1756 188850
5258 474808
6199 607417
5584 494932
4586 449444
6994 595125
5280 507709
2235 251664
4091 372563
2540 260058
7067 745066
1945 192090
2115 228262
1187 118878
5698 553243
3144 322367
2275 222472
7909 819646
1695 170677
8200 960412
5814 579700
3736 330466
774 84641
458 47603
1948 194499
4240 361266
9918 968095
9075 827801
7472 760706
4696 365067
3197 319444
3062 326332
1629 171276
6651 556452
442 50428
6166 614311
3757 356921
6425 577995
7431 756397
5635 581494
6244 586608
1719 176664
8306 801023
9637 956201
7102 717151
1841 236374
7824 835251
5223 605978
8076 899032
3966 397416
8923 938052
2697 269192
1272 142396
6853 712734
8802 1009666
8559 755454
7895 828417
9133 881448
1435 132963
3979 377892
4304 362329
9900 1074619
4281 419401
6745 583170
3804 461785
3497 384072
9130 905526
4593 436963
4451 451825
8897 1019150
2040 186198
9888 946393
7810 784965
8233 787162
2251 244264
6849 644777
115 12733
5492 576867
5115 525630
1231 150915
4530 478286
4471 453978
5710 550755
7366 821406
6453 738878
2213 210035
3822 389533
6521 600797
4313 467636
7971 861213
304 31864
3417 341575
6879 659016
4051 369875
9856 800030
4891 443390
4523 464664
5705 616360
248 22052
5974 610105
7989 788857
7618 896349
471 47755
3583 346207
9437 1075439
3539 278509
61 6399
760 68037
4018 376119
5332 533288
9488 1045253
4093 429608
325 30096
741 82470
959 116766
7935 755013
7703 830803
3219 347314
6554 669909
2940 311693
98 10075
3848 296808
7527 822199
7240 756780
4118 487246
1903 168488
6273 542350
8514 967534
7755 715670
1291 131243
3185 339352
3356 362024
6842 633126
2641 235432
7371 707145
9530 958207
8579 837490
4492 375247
9530 885955
5584 599301
7934 831217
575 61841
9930 904487
6084 645358
2806 281828
4386 437062
696 64583
4638 476049
7077 879877
9863 848998
2963 334205
8885 869356
3377 404458
9160 1054625
1463 141329
1255 122688
6111 650304
1432 145661
1869 168959
3443 320962
1228 122944
4245 479581
6749 670483
4515 459922
2763 246186
1295 128271
4200 466702
6158 511705
2718 317636
2743 269302
9777 1066423
7206 649897
217 17482
826 98056
7968 754645
9382 989393
138 14890
73 7762
9047 995939
1456 147299
261 26784
6550 705058
286 29285
6255 690092
9449 1034112
5235 532548
4399 474843
7929 927365
7707 725440
4269 397108
2484 232716
518 49393
2111 238671
352 34966
6063 534157
357 40930
6681 612890
7372 622065
5868 692157
3680 434824
2100 236448
523 54361
6974 753623
8216 925296
2115 258348
5537 474801
8386 863049
4929 541469
7805 697748
1751 167751
6050 687657
2479 232501
1602 173406
1871 180184
9931 1158407
5015 442971
425 41005
1822 183830
2663 244588
2866 295171
6293 543567
8499 796311
2889 276596
8653 1000896
8826 862432
667 72753
339 32344
5369 555890
7448 696238
2919 304640
3032 311780
5949 542416
7789 780779
8035 706525
4613 434607
5991 572690
851 69901
9264 942396
3486 350256
8167 921232
1386 140452
850 89618
6908 776583
3309 381046
9754 1040918
1980 218568
2648 290511
2608 273849
387 33023
7329 702611
8580 997361
8028 764578
743 82269
3187 300984
5150 475485
7436 863801
2186 206866
339 39309
1936 223438
7590 777992
2417 279326
8885 1012364
9511 991956
5554 572598
9573 975835
6704 730160
6024 523457
2254 241114
1268 109090
5026 489811
2875 297240
8504 981881
5535 504211
2227 288602
5388 426349
2093 247794
9147 913187
3860 362079
388 42967
6155 592838
2420 236334
4275 377135
4230 419980
1681 165192
8266 816381
4561 406950
3565 327410
8755 839944
5509 544002
7966 718734
5666 562611
9180 1000094
3696 332532
9303 855300
7222 905166
6427 703357
8206 832480
5160 632853
6535 588380
1929 170538
9339 865568
9913 1056184
2713 288695
986 97760
5431 538284
8628 796463
5168 524454
8714 818151
7596 811385
5561 588227
3384 386715
8627 777595
4339 417181
6288 577878
8532 791616
120 10518
5474 644485
3373 359741
7638 836600
1995 219377
6781 605822
7182 721026
3289 329904
5690 604683
225 22051
4993 451296
6597 653775
885 88301
1785 157552
9606 1017503
9636 917538
5423 576410
6857 643285
2786 291893
404 39449
2094 209898
3690 367094
8321 707142
8648 770822
4113 362366
5217 623550
1434 135580
4358 471906
668 65061
4326 441673
2735 298612
4532 479178
9273 976398
9343 958464
344 30894
6527 626525
6829 669398
8724 1007961
6525 653817
6295 711799
2925 303990
6159 644230
8907 762692
9310 896729
560 63042
2178 200955
3158 320713
276 24305
9918 870577
259 24145
7485 733644
5140 488942
3450 296706
5386 533000
1574 149361
9799 948122
7249 819072
4446 435740
6384 636060
2766 283145
9811 917810
2517 263420
9989 1031759
7205 782791
8956 869479
8676 806541
5557 565214
648 58275
3126 388326
7717 852004
5532 600279
7905 660027
3780 409817
6260 607707
6549 536700
5389 581605
6376 678594
4004 442933
6002 661504
2066 200692
6230 633688
8646 857675
7121 789047
3965 335556
207 18505
7185 749884
5610 511291
9773 1145065
7468 749507
6672 625389
8723 873959
5946 545431
974 99468
7030 735388
2732 277887
6630 655971
6989 658795
6830 726663
2250 230854
5945 515347
3511 303211
6582 757393
41 3195
303 29180
4946 518781
2384 194458
3101 334163
4143 373467
4218 486134
8966 880144
8028 789465
5696 445531
6124 613528
4194 388520
2572 248547
5135 576150
9773 1019725
6625 721228
401 42933
6164 664494
902 83545
8345 926404
3567 319972
3016 344705
2549 240162
6348 584055
7121 891489
7567 749362
5121 461287
8871 993147
8745 870781
4886 557947
9712 891168
3595 405193
2982 302494
9953 969968
349 39971
6840 700117
1924 178096
5984 694332
6189 664022
5613 616794
296 30812
4871 472925
1464 150723
7653 625334
68 8149
6774 677831
8684 886808
5704 646233
4855 473769
4418 449254
352 38758
275 28953
8170 836967
5040 484957
7039 680003
9608 804404
8688 836237
8299 702782
5307 555191
2110 216259
3021 393155
3728 370340
3729 360010
8662 761174
771 87831
7524 932282
3374 322632
7428 858311
7984 705610
7573 715094
9304 820167
4753 543124
2985 268832
5825 655260
6910 714776
2701 319473
3673 325990
5696 613353
1955 184614
2305 209161
9128 997262
8717 926847
1578 187782
7125 829578
9652 831611
5209 561341
450 50309
9397 871708
1522 162026
7713 836368
4285 354645
6578 759096
2335 251095
4863 489507
1615 156981
9918 929255
6767 690014
9433 921942
5332 513776
217 19106
2715 314519
4300 543930
6468 594288
5354 540999
3924 449708
9251 955297
8270 809723
4080 475994
1068 90091
9438 1019135
3082 296301
2256 228239
5950 556179
9352 785166
5431 536897
6258 569012
210 19025
2911 309759
6648 661770
2140 177099
2270 194836
4213 398448
2494 231343
4305 449033
2125 218564
7511 723782
3219 362984
7660 632478
6566 717874
4497 330752
9577 1061658
7801 784504
9942 1184933
7436 667663
522 47171
9256 886489
3366 298167
4213 408411
8629 996605
14 1492
6636 580545
3937 362771
9416 961331
8408 801159
9357 938903
390 34548
6899 653603
7848 753353
9615 1024917
9253 823046
6846 711990
7569 852052
6151 681256
7402 745870
1306 126481
9075 878866
380 45960
2149 212582
9895 1095525
9135 852335
2261 264389
2252 188826
786 68338
2116 218962
4029 506409
930 81672
3432 338437
1200 126427
2607 275669
2727 264696
7902 732948
1635 167991
6596 801896
3490 442304
4834 560822
8022 779384
6160 549498
5347 481301
2711 267171
4708 433702
4981 489713
965 111828
8726 1018059
9472 1013310
5753 642588
7146 774990
8829 855484
4821 437657
3414 347867
5578 539778
2778 260696
372 33813
6356 627582
9179 994309
7419 791099
7156 705373
8490 695771
7882 976230
262 21019
8733 779464
4999 473945
6001 529094
63 6363
9683 1144942
122 12385
1733 161421
1099 127543
6518 664528
9656 944348
1825 176542
4630 448023
5013 550786
2766 278979
2509 294885
331 25924
9845 830637
2567 261475
844 93610
9174 951418
7543 888075
6473 658122
102 11059
2595 241726
658 69114
9475 1004522
923 95656
6210 628276
4706 453151
4250 450001
5660 541339
4846 432092
7831 681978
397 45141
8403 827270
688 70563
4195 409180
6416 631735
7053 740109
4913 481242
2854 288329
7998 922710
8605 844126
7185 764889
9052 931671
2481 234880
3987 487649
820 68595
1666 176954
2218 261098
7877 944243
8576 986450
7877 812851
2434 261209
6279 668694
7441 651288
859 75305
8479 940161
1128 110533
6768 669622
9243 937205
9644 1062356
5897 558949
2572 259118
6569 716869
2810 302863
6334 733476
2101 199870
8154 747908
3875 382983
4240 428954
8252 843362
9562 912163
4783 417779
4145 518053
6674 761587
4331 473673
992 99196
9883 977977
4528 385566
5736 582807
1942 185012
6061 610523
4106 388824
2722 276623
7895 731208
4888 459276
5898 616041
2814 257506
7108 737066
3226 281510
5410 487096
2059 204297
4164 376966
8764 869822
7391 754501
3131 307067
4697 385571
6887 746139
5562 527717
6552 660681
7652 766784
4804 491875
9338 1124051
8019 794691
3349 312926
8790 901936
1035 87798
4764 454660
3485 374043
3171 284075
9503 816166
8364 818213
9634 988854
4324 408065
3551 322406
2024 195591
773 75479
3916 405147
4689 488768
6279 690480
3061 273251
5013 519771
9793 873094
6003 544395
4953 564950
6285 605891
6042 598749
4752 381872
936 91719
4828 398143
4582 460470
3377 366374
7559 864072
7503 855004
1636 131879
5209 566149
7617 793253
1016 107582
3961 396015
2228 223842
1554 141789
2907 317217
8893 820525
3799 426903
7475 791331
5324 503600
6370 663126
2763 285724
5835 555946
7522 778346
724 58861
8845 774558
4287 416781
8095 760364
2780 226422
6557 732771
370 28567
1758 212054
1007 104729
4408 499873
42 4768
9046 940044
6131 610468
5454 562576
9552 912272
92 9742
8560 881208
3998 369226
7805 710219
3348 398321
5378 551335
4065 392640
3560 361588
4166 412372
3455 402731
6906 644480
5400 393615
4999 578117
8855 992039
3315 293612
7378 655388
2169 165251
4166 465509
6004 634733
8336 742170
652 68618
5300 497755
8942 880284
9616 1012068
8567 934358
9786 1047516
8615 877629
1767 186518
8662 899538
2272 225523
3514 357764
8193 779275
1980 197369
3003 327395
5551 542635
1662 168134
4925 507613
8527 884017
4004 407024
3514 353062
3246 354830
5952 554979
1276 132091
785 74730
1168 147261
8035 816917
279 26585
2213 231646
5952 654034
5628 656568
2747 239155
2789 294547
6474 586958
1993 208108
5896 539418
2293 209720
4803 596311
8150 785718
5055 542170
7324 743566
8324 835631
7293 808095
8225 858545
7169 789212
4980 415627
7660 783662
6038 669090
1060 106649
7448 801565
8618 784726
3937 389498
4618 408938
3578 272191
8055 752118
1292 150768
2271 230782
8674 871473
8119 882044
1456 131170
3586 338490
4269 372436
6794 681176
383 36206
577 56098
4126 509247
4636 418248
1659 155841
9064 921167
2748 297860
3205 273703
5713 598692
7912 959518
6483 610726
5564 525688
4631 456842
9337 798445
6736 659780
4710 493835
2613 275950
8442 900689
9146 1065415
3706 372286
7269 775547
9672 889993
8281 844280
5097 441249
9286 886910
9664 1000123
7269 706241
5968 558910
571 52850
1789 163649
5591 510703
3460 377236
8097 816901
3989 396796
9940 1134675
7615 638065
4065 414137
907 100750
5020 569283
7389 763731
6147 805470
1082 113750
5836 570788
2719 259778
3401 340130
781 75065
8154 812388
7497 709322
9488 1046648
2482 274463
781 72570
1128 122586
1398 142592
2185 206923
6914 819109
7412 665362
7787 861850
201 16424
3006 274815
247 23843
7663 623503
1587 132953
4461 424976
900 64146
8826 954094
7173 741645
3844 408907
6048 564485
5919 578586
2158 240439
4858 470845
9227 919010
9213 1040895
7822 739635
973 103918
342 33428
6303 661020
2160 217798
3295 363803
4210 422772
2582 292214
1417 131122
626 60119
1317 118840
3808 354589
3419 344358
4042 440030
6986 673176
7014 762627
4077 433481
7377 631271
4478 403213
86 9708
1399 133822
4775 511325
9559 836189
3651 377099
406 42075
6384 633336
1992 167615
4222 357523
8709 863351
1963 246260
8311 942731
3059 286672
9885 952385
5307 476302
9821 1095927
6671 663885
5212 555328
5432 514381
7108 803350
305 28754
8639 940656
8934 854184
2689 284943
7222 722793
3783 424106
9929 949666
507 52358
4184 400290
4825 529141
3038 344849
7143 846503
1088 106558
3692 380911
81 8603
2097 210463
2216 189456
6969 602201
9402 778856
9131 954189
4557 480386
595 55073
4738 492453
35 3835
4230 496491
664 66459
8087 881626
2161 233947
5078 620500
5579 575863
6081 591949
2616 187356
1634 178775
9588 1017272
2164 199761
4751 512717
5727 675759
7376 760751
1165 111812
9291 823728
9070 1080563
7201 789627
9113 976493
990 87231
957 91401
8114 808705
629 61520
4070 444820
6385 571522
2651 224907
9372 942730
6172 745286
3071 281558
9069 1095315
2316 196160
9711 952121
1635 167285
2404 234365
7773 865616
5563 571087
4468 456103
8641 871822
2333 244461
4106 386175
1366 113566
9273 1071221
4300 460026
6921 666309
7645 780691
5281 522587
8961 793179
6660 679382
9080 918855
2263 257471
8093 943310
8808 735930
3988 426233
9824 909875
7762 736881
4921 518533
9528 949737
5014 523728
1862 179423
2612 272997
4938 468625
5610 548781
1177 142738
7311 578901
3255 283140
407 40355
1942 201752
6768 659194
4346 454709
2647 310757
8776 965336
9266 970167
5454 568468
4905 524146
595 66288
5697 552345
1996 212280
1096 108171
3163 338411
5034 429525
8076 903868
4844 533808
2696 265070
8048 678999
5010 493942
1036 123414
8899 821844
7723 731953
7270 735546
1683 185936
3992 383699
8139 596419
170 17888
4466 503315
7543 672269
9416 1051603
3723 392586
9767 958655
7308 731779
3015 264264
5310 645147
5877 550511
4885 462809
8313 875103
3944 366103
5763 588753
4741 437894
5748 607546
528 43301
1395 145658
4958 565191
1011 106087
3894 372492
9827 1062313
7029 765215
2259 214931
3053 374560
460 45852
9095 994836
6153 599569
9815 1086464
2113 196404
8495 894299
5568 700469
1162 130883
8158 868436
6308 671309
4709 491378
1131 105551
8640 812642
8403 918103
4338 340583
6217 585197
968 106322
2333 251174
5594 576239
6607 823698
6045 619349
7847 780836
5139 580076
2303 196053
8766 932524
8960 790702
7952 766865
7947 922615
7086 733090
5325 486408
918 90467
8647 876141
2256 200662
7346 655664
6955 861917
9322 831641
7907 787701
3530 398530
5587 530634
6592 730001
767 87553
7965 842471
986 93530
3754 396479
5283 509827
8156 856039
3534 330534
8497 676045
5614 642398
1162 134598
9139 806433
1361 143768
5461 400551
3105 292131
7659 726392
6241 536302
1963 217335
809 87733
7208 734371
2701 219202
5681 505480
397 40610
4094 353471
7521 742790
608 62306
6028 715945
6456 679825
5939 585974
4088 380338
9430 869202
3173 319409
6995 625197
6241 577838
8166 859865
930 87466
9635 904389
4963 589139
2223 231360
4886 474772
8323 747822
6346 546654
1684 152865
7261 775434
7341 745946
7078 819813
6919 696895
6942 539164
6097 714945
7756 836111
3901 420567
5642 618746
3353 352133
8115 768384
7730 641736
4925 532160
5000 495780
4444 440246
1263 120271
9532 844629
6973 692896
3437 311047
4520 480871
1060 103126
6745 655547
951 79101
982 93340
6512 477384
4375 440707
2932 318272
3422 299892
6185 677116
3849 374646
762 69823
4813 472229
4052 374757
8779 881054
9667 1123086
5578 564905
4445 555580
5358 602275
4610 490085
1761 171261
9120 848336
7270 678127
6182 628582
6533 716902
6540 603493
5182 555333
691 63314
976 104495
4456 439159
4613 521299
5042 470303
8387 988992
6077 560612
3151 305322
8901 1013866
8487 887101
9056 900330
4990 469010
1427 158329
1847 189505
9558 920719
1090 113456
4901 514133
1851 190063
6573 568287
8797 867190
7428 779009
5615 604183
5680 581012
2377 229594
3390 336363
9488 1153518
6555 592123
1385 155823
747 81186
1896 202328
654 63658
9600 984721
3352 284796
8102 677624
5961 455374
8531 831379
1868 202136
9337 953766
7383 747286
2151 233295
9537 895038
8127 913148
3518 376365
8131 827132
6246 554688
9101 860911
5706 643583
7206 829485
1115 110427
1250 97297
2050 223860
7201 817278
5307 559569
2516 254165
7460 727877
1385 151071
8764 1043566
7164 815020
6484 672806
2934 330182
3377 371713
3117 351803
5734 561767
7869 668280
311 33382
7136 743228
261 24164
5775 434540
6938 693881
2931 308214
4316 386474
4678 477652
4644 421128
7824 853061
998 110849
895 97063
598 57228
9343 826613
8879 938051
8607 723440
2910 302047
1164 135704
8382 917379
113 11363
6219 594505
1142 109027
1051 99135
747 81817
7444 785880
3232 367708
583 68957
5161 561984
8825 922651
5818 573515
1900 194005
6700 574935
4823 472725
9909 1078882
4836 533295
8749 792517
4812 490162
5253 499432
927 95867
8659 948766
456 38733
2470 235249
7436 717547
1620 143927
411 41805
9464 848975
7840 773618
6515 483093
2875 241207
8017 851334
8327 777761
3536 279318
3860 423297
8752 808941
2221 224997
6646 685495
9086 792297
7847 723092
8265 831058
4212 419780
916 95561
7969 852393
3517 315579
3832 324137
1393 129386
1346 126653
6095 713545
7791 703175
4787 443102
869 96358
4410 393459
2732 305611
6022 706045
9493 906598
3658 297326
4753 371697
1194 116645
7057 668281
9631 924280
8339 864056
5197 626324
3149 297776
1115 96849
1564 167402
3022 299199
9013 1069856
8720 779143
7819 820419
4285 482517
1960 194929
6438 719143
1117 112184
1832 193398
1683 164542
9573 866985
1357 157312
1789 209357
5514 616837
3066 299943
6354 654500
5131 611033
1600 151959
6851 646058
3319 409585
7232 748498
3020 282167
1127 100425
9333 950416
9141 826013
8020 787733
920 87482
9383 904171
9383 914546
7381 892138
9663 903511
3090 296229
4442 418102
3340 311654
9646 910629
4409 432220
5101 500748
6209 700130
9455 948674
3547 434275
8570 845922
2125 250173
7985 759533
5631 466900
4290 409565
3648 335193
4917 513347
9409 1011014
9387 1037335
5234 548794
5623 509043
608 54356
7707 716899
8323 733539
4213 396698
9765 1044215
847 76849
4693 506280
8433 774649
5443 525561
8797 854659
6606 684839
4228 418009
9591 984492
6970 667745
9193 932819
5623 627366
7237 701252
2061 210822
3649 379957
8491 866900
3120 271504
3737 353466
4238 431809
5488 559082
9449 958497
3293 291360
1475 170405
9854 1082130
3335 325484
9410 911511
8506 793220
1110 102746
9921 986535
1210 131062
1775 199059
1252 119869
7862 628283
1770 188461
4523 373739
7085 635036
6432 700937
8081 872080
9154 1036425
2967 312647
2085 203344
5687 628673
7492 775143
4230 417340
3508 401282
5300 575965
2159 260406
4155 386627
2202 238010
1454 156289
6593 720461
4033 426323
5133 589132
9782 1005765
2498 188815
1870 197758
2541 277856
9466 981557
3524 392605
2301 194287
8304 791188
5907 589900
5860 518446
6811 530850
9904 999442
6654 700399
4737 454868
4689 501588
5469 506868
5288 531479
338 39485
1101 109208
1001 102272
8042 827124
7427 881786
2520 299250
7151 752803
1578 137766
6153 676098
8393 821855
3501 383800
1965 212333
4996 504115
5691 623046
1447 137317
4775 418510
2969 281152
9622 872466
9922 1041716
1361 142018
6763 807571
9639 1054263
6331 634142
7312 765956
9201 898464
874 83424
2577 282922
9967 935337
4409 447655
1481 164346
4448 514866
2327 252534
6976 639750
1146 103803
6589 683221
5980 607896
4475 392664
1181 103687
1814 205656
8998 960733
9859 1034236
9148 928847
5836 540678
696 69257
4014 443369
7797 784919
7891 793738
3031 315768
527 50524
4056 456635
4185 458867
8051 930015
4129 435677
4995 530958
1447 134918
6204 571634
2849 323276
7350 606877
167 17066
9054 893564
1311 122922
1729 144625
5819 583484
9420 1036749
1138 130132
8667 1021062
6270 749703
2820 348561
3921 380783
1317 137342
800 58515
8033 798410
5911 583506
2758 290135
9087 797837
941 102019
6149 605003
4581 435777
3499 319085
3914 399150
1114 102293
5131 560413
2558 239408
6548 660113
5522 661016
4543 544986
1855 170146
5798 515026
5901 606402
3456 340576
3264 334133
9453 942785
3707 332887
5688 497699
5709 582817
5457 496378
5330 478203
9051 1116850
5025 474821
9525 770464
1300 110758
4908 515861
5179 493480
1880 190419
9636 801717
6999 654934
2766 293770
9984 1037781
3304 337717
5300 561089
2815 272356
8635 771888
3445 308130
1088 126491
8428 774306
4509 471424
5496 581343
3368 326394
4145 338768
3853 491418
885 87117
395 47599
659 63878
5364 558859
1176 135177
5963 563589
7272 757917
1647 158711
3684 338469
7426 770051
6722 655830
2757 302379
617 63465
8794 948613
3802 357243
5434 603346
546 61339
7550 748821
3761 330879
9085 946575
8378 997695
3077 362952
3204 330739
9982 1038989
6567 744664
6023 543861
4691 487804
121 11132
3914 416951
3541 328308
4775 500023
9980 944298
3722 393290
5261 550682
934 87480
2468 229688
3811 407190
4054 388338
7023 706346
816 87373
594 59477
9119 966565
4410 507322
1055 114223
982 109473
8983 903640
7577 825059
7070 805801
3465 416582
2640 240015
3421 341256
2377 230458
2589 237960
4548 325111
908 92677
2542 239475
8236 800999
1191 97296
5402 463714
8287 711336
5660 594337
7322 665699
2348 217339
1474 124865
1311 135365
8406 854395
7206 811653
360 40652
5933 615779
9662 906397
9788 1042051
1323 120457
7944 735810
7199 756981
7309 780453
4227 392534
9168 921668
9212 916099
1242 127198
5415 442846
1380 143810
2212 269610
2326 232380
5710 585185
1993 232310
9368 946580
162 15390
6001 501635
6738 608313
9366 927254
4521 486389
4808 502557
8116 801723
3431 284606
2185 224733
9057 923103
6768 472835
2250 190154
7014 573596
2748 262181
1473 144299
1138 106412
7977 893236
3522 379931
6386 620689
2389 251721
4662 459114
3500 395020
3228 304000
955 107583
43 5147
6795 725672
7660 724498
3924 404019
5699 495707
9157 1024737
9569 930082
7463 725762
3173 308657
3884 415710
2267 270970
303 32459
4974 483062
271 29344
9178 1026071
5313 489147
8237 880109
7828 778248
9330 1035370
7461 692469
1825 176263
8571 939105
3705 420151
3468 399525
2498 267874
1471 154341
5866 621425
2941 275388
5853 670401
1929 184645
1991 171265
6774 784654
4201 506638
1782 149296
1081 124364
6741 722234
1429 126749
8190 802703
5703 590950
2958 295860
7711 895282
3155 262952
7530 676964
1817 166276
1768 172844
2633 239968
1959 221710
9096 898446
9118 886662
4908 506176
7363 668126
9403 886897
9147 928599
6724 560588
6830 636636
7167 693943
5551 558647
9451 887627
2471 259445
8234 643978
8188 746562
3839 426800
8652 814205
3707 357114
733 73532
3628 341310
9787 875432
4614 493179
294 28364
2149 214619
2256 206312
5216 518482
7508 707970
8706 854590
8204 822755
7716 827269
9236 868420
8080 809558
5039 531805
9642 891099
7224 772368
8937 871015
620 65154
8775 974560
6783 553275
1062 101129
9530 1143963
8683 816376
6877 687136
6824 663668
8473 905578
4073 363717
5764 593822
6093 674256
2200 227674
1931 174221
4564 499448
1236 121880
9376 963636
214 20783
7605 763319
8530 719400
3405 346756
3191 341366
2948 296843
2397 283794
7433 643959
8187 764443
9144 938556
5971 635328
2613 280992
4538 461893
6688 577066
3670 407272
9771 954442
159 16349
1819 180047
535 59135
5389 551993
4730 370021
329 37675
2078 225746
983 105960
3690 397743
3427 335429
2694 284645
6463 605103
7980 799692
1342 157790
2277 233891
9006 712118
9721 908640
9944 933077
9663 874399
2138 194300
5014 525292
3549 344065
5852 562884
7015 599263
9746 832244
873 99079
8348 836256
1879 143398
4074 379327
5526 559193
2496 212522
5014 491714
5590 573823
6300 656264
193 16666
7266 785283
8087 858707
6962 655341
1 105
2849 280435
4353 430347
2091 169512
5069 479716
8509 706256
2611 251325
6771 619482
9880 1210906
4140 345227
4515 488087
2351 272128
8393 846123
4425 474114
6499 627305
4788 486797
905 103569
6022 547770
1810 168457
3316 302760
4791 505902
7092 731135
3630 389266
4191 471671
465 47247
2095 223519
4673 416612
492 54450
2473 302650
8786 848598
1487 152666
338 31709
9953 969623
1990 213382
9219 1039212
3521 359310
6463 548097
373 37482
3552 397165
5823 626751
97 10655
9509 854744
8652 793448
2438 224696
4452 453870
7954 800295
3828 473839
5059 500438
3361 316638
3339 284866
7460 849449
4395 445918
8269 948013
3988 359108
2390 238466
5808 610293
3311 311221
4881 508148
3774 355955
7601 734790
8191 774151
3448 363931
78 7464
7093 736930
7536 831194
1492 159163
2431 254225
4058 317650
3312 368614
7889 831277
5465 472884
6578 665769
3056 323553
5939 602583
2640 262163
3755 381813
5397 561675
3427 352282
592 57955
3570 378997
10 1094
9890 1049846
2301 225700
3917 365463
9830 920505
3696 345907
2905 324259
8421 899122
7152 768823
5115 608338
6601 596504
6054 619232
7158 692593
7062 651538
9786 891075
637 68407
8821 806153
7552 691312
7478 692908
6482 714281
6150 569432
7662 838892
2814 249097
2550 250957
3146 286585
3397 304509
5098 522173
4583 424894
4590 415500
7930 833124
5940 633677
3429 317180
5661 674747
7916 870021
5339 554610
3390 354357
9026 748181
178 14574
2843 287420
603 62276
6224 605613
103 12214
1881 178478
901 90754
7395 756984
9585 863539
6747 709836
4921 452154
4941 445418
7724 757656
7362 731127
5483 539748
4557 405959
2929 279641
2239 214362
6865 748841
2765 250055
6937 751869
7878 834511
1377 147376
8853 953708
8852 802656
3081 322616
9709 997862
1457 153152
7739 789744
6040 659173
1551 142217
1948 218935
2107 209714
8634 691716
1677 161341
274 26277
2527 284191
3795 416950
7920 595964
4240 434570
1949 189516
6195 641418
7021 639723
7430 808166
6490 678968
4322 414506
1358 137717
7535 805155
7652 724045
6594 521396
8939 1019999
2720 300295
6575 664112
5824 641770
6301 664522
7483 810088
1750 190666
3006 260422
9100 774819
9711 998000
4205 427074
5255 523807
2112 195307
7756 782122
4703 403214
5010 516957
3787 249649
7769 837967
7319 803503
3611 426546
6101 755715
8061 685437
2353 172478
4321 439045
1857 197690
1832 166835
5417 547158
8509 952403
7070 615421
825 81769
7875 858671
9766 894226
4457 473390
3537 389975
5363 496488
7492 841333
2965 307571
6455 661967
8098 746805
8661 767697
9573 784256
6186 605583
9727 993823
2581 258145
2393 229439
8327 890933
962 97005
5175 519480
7597 824488
1044 105438
790 66910
9151 784364
6059 629983
6431 726575
5908 557362
8898 792566
1893 186089
6130 638091
1278 120360
3419 326550
6910 678634
3213 346117
1507 141072
3703 409804
4471 463002
3040 323576
3908 494018
7499 749882
4488 410075
448 56024
3168 343122
6253 640517
274 27861
227 23942
3283 292590
1095 108164
1933 174360
8723 827197
487 50999
637 69860
5068 515363
7986 738113
7585 752995
3753 319855
8588 724994
2600 324585
3945 372961
610 64271
2345 230198
9143 954310
4986 560855
9701 807900
5400 554526
4553 404699
8057 935525
8576 863422
2413 291887
6399 708864
5105 501533
8315 793825
2596 269889
1979 186302
7030 675578
3836 368860
5668 585943
8597 867015
9730 810314
9692 812921
6334 627278
1753 178863
7409 707930
555 56833
9747 1003030
4452 487347
9471 1023841
4100 481383
5910 571213
9123 825522
127 14709
2181 204553
469 54489
282 23948
3285 336628
7726 896454
4730 488034
17 1456
5211 518308
5878 634634
6736 568159
8885 867865
2120 226020
4115 334208
8810 987931
8725 937270
9426 878679
1855 193481
391 37306
5427 545943
5548 544677
9787 978621
6370 554688
668 77422
9605 1060819
2929 273854
1934 203703
8942 955754
1896 200612
3390 326609
9260 834813
9925 873713
5938 559371
7364 740795
9489 984042
5169 517904
3325 346497
1352 127703
7294 648807
9789 906086
6761 713170
8598 855652
3078 323767
3545 327537
1628 155903
7389 675640
9729 805818
1988 243601
7245 737546
2675 253935
894 101821
822 80753
4346 387782
5208 424949
255 23524
8368 871810
3764 343482
6078 539310
5624 641600
739 83634
8496 830267
1285 135965
4326 439632
459 48330
4062 507316
3842 430099
6325 643508
6108 656937
7564 764588
5937 697251
6154 533080
3520 337989
9529 928299
1021 95520
4969 526137
918 90861
194 21311
4126 402655
7605 817010
6910 626758
4309 452524
882 83348
1162 102964
580 47355
6274 597489
6606 604612
9784 900334
2974 307427
6449 617950
1157 114913
7175 637408
4721 505491
3834 373230
4549 379554
169 19881
9978 808441
269 24150
5237 552334
481 48796
8320 966501
1006 85425
2109 227409
6780 691966
5418 557398
5724 570247
8752 825810
5339 533205
175 15324
4374 378239
5983 609662
3465 381510
2276 267767
35 3506
4281 494228
4540 479200
2278 249421
6656 648935
5756 595644
9756 946250
5537 591574
9241 1097482
2639 286094
4709 522373
833 82671
5341 587675
9481 1035584
1238 127744
7417 685728
7078 753999
8781 691715
93 10464
6763 694789
7720 726349
9261 1105257
1936 175340
2849 291179
3446 345442
9031 949459
1822 179998
4351 360521
2011 185858
8636 731545
2072 229042
348 35421
4311 393435
6965 718754
1007 87926
2491 259262
657 64947
3260 360987
6262 518852
1501 134776
604 55643
3836 356914
639 57999
6552 633396
3576 334296
6737 825631
6271 566623
2158 179028
981 112738
1684 137540
4902 428430
4234 438188
7378 764790
3672 391301
470 46219
6167 639431
7356 671479
133 12741
2657 229372
9813 1092017
8170 706903
614 66808
7654 651434
2893 300073
4665 478616
3700 424775
9947 1150303
9170 982653
4013 402542
5732 601209
3310 306564
1231 145520
2250 186148
1282 125147
1788 198589
7150 725180
4687 450092
7905 784611
6218 663765
927 105333
4081 424423
2274 202704
1789 201981
3798 402464
8065 979138
9523 885270
8994 739765
7711 718683
4200 395369
1868 182978
4306 482839
8136 892967
7414 724216
2188 204970
1921 191883
1339 137751
4739 484992
131 12600
8440 821014
1209 118567
8977 1003690
698 60840
2543 259053
1324 139487
9944 1075287
2173 237732
9179 978201
3134 356357
9561 1033913
9444 860410
5367 572107
5151 536726
3015 300721
4731 381591
2131 178109
1614 138438
7345 773026
5298 515561
119 11797
9499 935321
9579 1022658
5132 582402
6772 705263
6804 774693
9981 892105
4852 508806
7065 699164
3337 348759
5012 485380
7751 829615
7225 780220
1000 109572
5922 462452
8138 817116
9006 926111
9734 1071898
5830 692947
812 78312
6543 597428
6497 585929
1690 182687
5513 570686
8077 810210
4470 436739
904 89257
7175 695953
5415 514982
7310 673368
9747 1009815
5464 568870
5682 491715
447 49076
4359 431816
5376 452994
3453 339879
341 39232
6770 724143
7641 769930
3591 401207
1411 152192
2611 274410
1167 108770
6954 771516
7692 761245
5173 484056
3075 320364
4273 449617
3271 367605
1845 163028
9622 866119
4378 412412
7481 703232
6014 614453
5039 441526
2084 199908
6296 613473
3854 347121
3760 402430
7176 788990
3450 323142
2004 161080
2569 268638
135 11598
2874 264688
9129 929399
9846 1048382
3347 393673
9174 1085648
4005 415983
7501 800178
6352 659814
2038 193165
6796 542912
31 2963
1817 184115
6094 565238
3011 322722
1084 117083
6385 685015
4819 461410
8265 842474
5970 566093
1478 153574
8145 874193
9223 757944
3159 297416
2655 262886
7989 823598
5027 514755
6510 690630
2028 198694
2707 257017
801 89539
133 13682
1700 138590
9879 1077557
2003 219615
5480 563159
4350 457416
3208 311692
6131 661138
5453 585466
7617 687211
8516 912230
7004 654928
4462 502297
106 9755
7049 722459
6191 551671
1045 84558
5961 528251
2865 353234
86 8448
284 29364
6033 562765
3861 375208
197 21207
4854 383442
5714 598537
4072 443492
264 20734
7786 769199
6898 740095
3331 359277
4207 423850
6294 528074
6478 578869
8921 858455
576 56397
9504 942976
7438 876112
9067 903361
6568 542539
5154 439387
3227 343198
3527 381424
6904 863260
829 91921
2652 247724
7476 733316
632 60025
6842 696959
3151 353981
3780 374542
2501 193315
6788 621116
9775 788391
799 76346
9517 1046346
5377 562242
7072 715982
6746 737286
5043 492460
4855 479235
8934 849138
5317 478572
39 2994
1121 100394
6833 606532
8210 917617
6824 717420
6637 684573
7253 730723
3149 309584
2018 207049
9590 817703
2541 290500
2267 228348
1859 165877
5481 595923
4424 369651
7430 749520
4484 498186
1656 155327
6966 646008
5004 447258
2041 233099
7150 581498
9332 964008
4685 536244
235 24073
6596 743220
6799 720642
1137 95541
5759 530904
8281 775489
7097 764985
150 14689
9301 1053629
6944 649326
8139 837618
3856 344098
8090 756721
6690 588289
1127 106467
3658 336316
1333 137179
142 13680
1374 113230
254 25141
4785 514794
4523 493705
7027 647595
6739 650109
1426 114885
8071 618064
9116 981125
4797 553778
5944 581176
2508 217172
5359 573793
5816 592214
2710 238707
1993 217464
3695 436898
367 37650
1828 168191
5317 482925
2440 266077
7364 743759
7766 741828
122 13722
190 19915
2470 235723
417 39069
7656 867378
5037 526439
1549 160196
5871 581073
6993 670904
2765 262911
8856 774522
1829 195186
9168 1021316
2848 238158
4360 419877
6648 632467
8623 1044416
4638 485887
9133 987384
2898 290836
6354 675345
4349 439821
1107 89419
2545 229853
3744 318949
6807 628864
2429 228910
6976 714602
266 27358
6479 615204
4101 417188
7734 662800
8043 788340
3147 337602
3161 265577
5410 635547
7521 732685
5449 454489
4383 407290
4127 381959
6663 598321
8571 901035
9059 1033597
8911 886839
9542 890702
3499 379366
6750 662901
3851 354656
920 101606
1312 116797
4651 477556
8093 729259
9696 1176154
6133 637473
1234 128739
6978 566367
4551 486158
9401 787407
1214 114984
4430 426081
6253 516785
7105 732069
4503 360666
4325 457372
5729 721607
6355 604435
1074 113286
1077 106124
2658 235143
4309 422013
6076 572206
306 31320
7079 734433
1324 129613
9054 887491
6234 529085
4667 488077
8668 739562
3905 381676
3625 335118
2909 308862
6882 666844
8506 943911
1063 96010
5273 506390
5941 550525
2697 277032
322 28753
575 53196
1782 173757
4494 449284
4495 501519
704 74131
793 78359
3375 330145
510 44677
646 72600
4988 467016
4959 482565
7219 748576
4209 483544
6582 654011
185 19928
6235 647602
7014 685437
447 41139
5391 602420
990 96129
7715 906833
9308 1314343
7211 786425
686 64231
7637 692192
5280 519314
859 72413
6127 694304
7345 837763
521 46317
9673 903816
6378 656802
1628 142147
4161 405202
8790 703607
4060 459123
3215 270757
6078 630434
3122 272591
5946 607357
7584 838778
3048 290318
4723 465329
1593 163863
4412 462013
2667 314308
6185 718032
2189 221734
7015 859649
118 12565
7873 896586
3944 426580
4933 504134
2672 261313
6503 718533
3235 361792
6392 647093
3625 339978
4643 435990
4031 429713
8113 786013
9406 917165
8030 707366
6469 668173
9760 913468
9311 1003080
6045 631859
1686 182178
5563 595694
4347 452135
7491 831284
5730 626304
4951 482411
1795 168012
1044 86460
6879 642077
7993 881470
2725 256547
216 18992
3907 411504
8895 829272
3978 351925
9316 866180
4979 502635
4395 444308
8003 715295
736 68456
2175 200502
8450 889786
6419 520815
5654 558132
1181 123078
7681 756208
9692 872363
5900 654747
8581 863954
4868 454417
5228 569007
1153 121177
9312 969795
677 67873
6525 651945
7943 836752
5533 514240
9024 764262
4866 484194
409 40866
3932 416194
6118 630793
6820 558433
6575 714874
4721 494065
9151 964777
5930 529046
532 45393
8662 812401
9918 889283
3926 307431
7327 737319
9275 918118
7468 858711
8828 845800
6573 604092
5471 450287
9161 932880
1191 115960
8908 805633
9505 870483
6139 682918
6070 733008
9957 1151602
2175 215863
2430 256354
6502 662909
6187 630110
319 31478
2870 285159
1669 176166
7954 742895
7557 715661
4273 496498
1182 140290
3000 300714
2363 203353
5107 516032
5277 599422
5283 565337
3964 346971
7664 853745
5061 539832
7431 619554
4913 456762
3174 311690
6645 600553
2149 209648
3271 365891
1467 144178
2923 259246
984 92647
9303 835824
6057 711301
6073 567725
7313 779528
6381 597000
5999 642059
9597 1001261
6011 559737
1894 178361
5221 478120
462 51941
1777 169434
1875 199168
1109 129951
1428 138799
1101 104695
9861 1000950
6395 757955
9033 967568
3168 293676
6024 510684
1086 87295
9900 879395
1454 155290
4056 377866
3730 414869
9117 863470
5396 508571
8589 928628
2725 260986
1177 114518
7007 782858
660 56357
2251 196141
1921 184210
3935 444318
6180 705189
4700 502021
2528 216000
687 66363
4126 427920
9585 1009011
5614 562466
7156 647787
9956 970473
2598 292843
3876 363303
4959 534147
8581 877336
7378 621148
6278 719968
9240 842877
3734 392103
6615 681393
6975 654985
7086 652899
9275 961906
8831 871050
1265 130692
9365 770696
5135 437988
5026 413866
7400 749825
1355 127560
6548 671776
4933 472296
1686 180079
8644 768448
6776 604078
7796 670396
4850 480788
5666 515230
3917 356074
9002 869489
2794 312866
8139 889697
6323 616196
3210 283489
6550 716723
5666 604110
623 56823
4525 386570
6286 578593
4339 442476
3463 308734
1271 154592
909 84703
2969 340828
1078 112254
4221 411911
6797 810576
328 26675
7880 760625
3478 411072
2025 222633
5818 572461
7979 677906
3383 397129
9233 981671
5250 510374
173 19467
9192 979236
7140 634444
8279 881259
6499 624592
1229 116415
2478 239506
9954 1015299
7092 796291
4519 388398
6928 636789
7482 823534
8246 746393
6872 745975
4343 492595
5993 530366
5055 516823
5493 573465
5506 562415
2350 272811
6630 715248
8874 852570
2399 250940
6774 834483
1583 151176
6126 616163
1006 112960
1652 170538
4460 337665
7542 683686
8097 872186
5853 553204
1533 141074
4061 375754
5600 606263
9628 990485
295 27392
5360 490174
4497 386382
634 60963
8267 803965
283 27679
2190 230198
2215 200687
8628 971138
6905 732072
3207 297035
193 17306
3409 347335
9496 1070281
8375 910615
2045 189454
8669 1034588
5643 485048
4928 542860
3766 352106
6773 613527
6069 521484
6988 932212
2077 230317
971 71916
7570 772841
1276 126528
2294 288611
9417 891707
1398 140415
8499 876746
5630 598847
3098 317094
2950 326364
6478 691835
9574 992466
2044 230366
3008 303318
6164 686041
6265 651877
7023 643818
4141 489784
6953 685371
7224 555083
633 63753
8395 820342
5642 519627
1266 116308
4025 353190
7659 858071
5131 589824
5052 537646
887 78858
3659 394043
6478 807508
2879 279703
3815 346830
4682 506275
301 31199
5090 581078
5021 432295
1396 133453
9068 857361
7324 869215
7893 834221
9951 917883
439 44854
9534 968071
5933 696668
9784 972150
3881 399497
2569 218891
4164 461670
5686 585081
3868 408842
6350 689517
7504 815715
5005 516656
7859 724997
8721 881003
479 56582
6953 614564
2230 191547
814 80343
8651 923905
5158 485656
5873 638788
4807 537054
7457 772315
3339 318654
5096 473302
7116 793235
3489 332867
1894 169319
5131 510500
8553 778155
5622 616958
140 13876
6481 588012
8241 739826
3415 377482
5002 479902
7023 795269
1126 114081
5150 510631
237 21971
7203 758669
8218 768225
3226 296323
1429 141747
6753 722392
731 74332
9297 895965
904 91759
9746 1151827
8284 773556
4647 510927
7325 821527
5792 456245
3831 411471
9280 945484
9907 936206
4444 442723
9334 846445
1490 165341
184 17715
6748 798827
5873 530147
4236 395742
2511 259511
7639 804324
816 80633
6469 630311
9698 795278
1323 132881
1300 119919
8699 872434
265 26058
4461 483680
9586 1001159
3146 293992
2608 244543
1011 98269
5478 559674
6676 623504
995 89285
581 61310
4681 470571
9642 874803
5837 505358
8611 758836
8100 906318
6218 511047
3670 405322
7070 797343
3064 319456
4088 420214
2653 262327
2341 236611
2721 299680
6400 629185
6794 669814
789 78284
4723 544648
7005 728702
3295 302722
1320 138413
3500 310122
5736 676072
2809 301569
8502 1019796
6149 625669
4075 403503
4542 338385
1389 146712
4520 486471
8685 970202
8752 880270
6325 627165
283 25919
3981 327236
7415 696093
306 31207
1377 139401
7506 809958
737 66568
5382 505127
8468 882700
3852 363672
7684 734338
4640 501000
4313 472100
2600 320914
9760 964750
8776 962462
4976 532321
5996 696972
6362 584235
6734 700652
5089 519678
4353 368012
8123 741709
5244 633041
4335 418844
5926 607642
8076 834236
8921 966109
7077 668324
3821 339150
2799 287719
9159 929248
9307 867452
5836 608245
1929 197761
7075 767550
2648 277639
341 33997
6095 629011
4157 491653
3209 400056
1448 142860
4099 463566
6329 612679
9966 1020351
6862 665215
6128 564236
4789 491356
5005 411366
6601 565642
2194 248430
3476 264740
3154 331736
1973 160669
6268 639131
3869 387978
7937 736176
8821 977783
8243 825541
419 42630
2149 227821
6910 698555
686 70931
2264 204861
6117 696994
8711 835772
2099 211710
8505 1015666
3136 310295
5969 644987
3501 395816
6667 694080
3179 302313
8309 779894
818 79448
3985 388255
9732 897149
9447 1028215
3292 347842
9463 839347
5888 641796
9226 863358
9955 906980
1265 123329
3333 323293
830 96929
9211 920769
8591 872149
3455 362727
453 42381
381 36301
9847 872414
9037 982457
8612 886223
344 31180
8683 930068
9180 844234
5511 569586
9255 821514
7755 696835
9541 752788
9051 700478
7471 556208
4602 471541
5911 587061
2816 315075
6207 525710
2754 313493
1474 138538
2901 305477
8601 934231
4241 450805
2292 239964
7276 699472
6932 726325
802 77671
5239 460544
3803 347997
6361 653498
6647 609442
7780 830152
1019 89282
4782 478862
8956 834890
1330 137280
2272 207038
9657 908294
8298 930290
4383 394962
4068 460067
6649 766201
6136 706791
7322 751285
1549 148397
6965 680620
4517 429945
1240 125868
6878 634684
1282 129437
510 54537
3874 381840
7427 715418
7505 753297
5941 528750
7057 740131
3523 347130
2806 294115
9145 839990
1836 167123
146 15122
7822 754880
9090 909341
4440 450421
633 55933
220 26978
4823 441814
9581 822822
2381 214617
5838 610132
4245 409676
9053 809921
8949 987939
8586 822801
8938 864071
7437 772179
3258 351441
2257 219330
7441 750703
8594 780348
759 68990
3775 347696
3265 355717
4051 403263
9557 844262
803 96857
933 107183
566 63391
267 28469
1216 95828
3636 378771
9214 1046520
1549 127882
2632 243276
2438 262592
5246 542062
7780 819146
3372 346525
3207 281381
532 51154
8675 768280
1694 160672
8635 746307
2998 315243
5457 591726
7892 904627
2056 219061
7953 773393
50 5187
5545 506380
2912 293969
5350 573618
1768 155669
6249 575569
1753 178340
609 51861
7110 659566
8173 815752
4918 486046
958 96883
6928 754023
8126 763681
4773 537117
4669 485772
1428 110822
217 21240
5853 539419
8555 904109
9839 960823
7880 690183
9608 1032455
3417 328105
8768 850175
1218 119787
9425 842207
3471 343492
8192 828518
3251 315668
6465 659559
1633 170515
9440 1066358
1575 165470
8443 737405
7340 784093
685 82183
7398 680866
3122 289488
5708 583297
6961 782709
6795 691711
4899 586271
8483 852311
4652 427855
4707 462525
8258 974848
3342 344302
996 102923
3271 320177
5134 556582
6789 755096
5779 643943
9799 1248428
681 73051
9430 942963
2000 196852
5966 570494
3662 393977
5208 549400
2845 296570
6600 688573
4557 459361
5646 487449
9921 988354
9108 929454
3346 341052
2515 256684
74 7524
5211 397185
8315 862977
9911 989462
1354 153358
5719 573910
3148 285639
3668 391880
1200 124690
8675 1042228
1669 179496
4154 438171
2195 238246
9427 924624
9795 854539
6742 636942
9970 968347
9501 797571
5345 508352
8049 555947
2574 234208
7793 809742
7556 762337
9074 1043866
1749 181743
3104 304131
5530 529644
5930 637715
16 1592
1476 150829
1545 137601
8692 915065
1796 165809
3252 323028
5384 485463
8487 791417
660 69555
7318 712651
6040 525698
639 60356
7243 701599
5664 598173
3737 422332
9041 1037031
9329 925990
24 2575
4747 483578
2637 297675
3989 416500
2666 278559
1 103
9436 860145
6120 529243
469 44888
586 54260
2841 253982
4565 506806
7708 695324
9485 1011385
1406 120945
9814 882977
525 43838
3401 385226
905 101742
1880 198202
4767 463264
8086 800673
8284 931682
7897 814401
154 15639
6782 571964
9403 974997
1459 158000
7794 861663
9875 1005060
1945 202710
9290 834814
9333 813050
913 84473
568 48818
3346 336305
9865 869271
2068 215071
1008 126028
4460 447067
6511 570238
1299 139483
5667 595252
2786 297900
4811 408793
4191 381510
7970 709701
7524 675047
6736 619725
7551 838520
703 76800
4377 372691
6560 599106
2379 218287
4828 457223
9833 1169744
368 36880
5449 573984
2770 301191
852 78372
7445 670697
2208 196413
9049 954545
7923 723343
632 60128
1210 101424
9359 979160
2988 313104
9364 982487
2202 207294
8996 818181
4931 526868
9389 858175
3190 341026
2678 245014
6554 672562
7478 630162
211 17991
2569 261089
9392 890257
7251 681472
6667 532624
10000 990121
9814 1192431
8759 875977
1371 162027
8644 821734
4759 434027
4101 406042
7905 857835
893 78294
2200 248747
414 42660
1120 110091
2946 272393
3951 451255
2109 178668
1091 117173
8691 781203
303 26884
5283 577658
9261 820066
46 4753
8140 815788
173 16610
6613 613184
648 62220
333 38754
9688 928604
9286 811168
8569 883519
2024 210390
2872 302445
3573 360042
8910 1011839
8827 751200
3763 409306
3429 431275
1435 150527
169 20058
4782 447348
255 27347
5632 592402
5230 434231
3284 323449
9342 1031375
2797 325663
4423 360043
3682 323272
9042 882321
6094 564273
1214 117678
6537 664517
560 50206
2627 238216
8958 904138
1284 148945
1512 156318
8385 843057
718 88903
8677 897169
4016 417745
1494 131308
411 37513
1695 190718
2504 259751
1233 122508
1010 129820
5502 600589
8127 729392
1184 128118
221 24751
7798 837770
3202 347085
4550 487291
4924 460119
7181 643141
8202 819715
6285 696517
8293 784784
3804 419313
3573 405140
5161 532883
6494 624057
6375 699429
2795 257673
2132 207019
8415 753354
310 32638
3976 461050
7130 636634
8583 935312
80 9438
2423 279563
533 51320
1312 128084
2058 187540
6304 602497
2804 273249
1149 105944
7402 932916
9819 961156
7155 766359
3665 347686
4794 477097
4764 524046
3870 364476
978 96566
1755 179438
1067 100010
2142 195654
2340 259515
5313 537617
3251 361099
6067 574897
8140 935469
1710 168230
9238 968288
3793 420733
1904 222640
5632 619088
3732 391477
9182 871065
7657 763098
4954 505520
4385 420837
7959 776981
1962 174588
3931 344167
4558 487024
3942 392414
7364 885639
4880 483625
2652 254214
1341 136501
5753 580018
726 73922
6961 679620
2522 205421
4265 447482
8727 856126
6625 708254
836 80774
2976 288022
4803 521859
9203 893629
8742 809818
7392 771530
2545 215100
3204 337157
7598 712484
5912 633933
9713 950751
9596 1130893
1341 126829
9381 1033994
604 50274
9497 1088001
7621 676686
3628 283187
1351 158082
8684 667986
435 43968
4851 422852
2278 215216
9945 927721
2026 192097
7391 575943
3904 341585
1312 130123
7760 747208
7826 696613
6694 692129
8954 753252
9969 962817
8985 975452
4609 399482
212 24384
1904 212879
3415 312163
3161 291404
5963 631234
2135 207099
7429 717084
282 30102
4453 335554
2934 330855
5201 533882
9470 895261
298 26589
4724 408738
4741 424054
842 80176
1893 156247
1333 153051
689 70342
6598 624653
609 61321
4442 383945
7919 750822
7164 742427
2562 291411
5716 644335
3678 347094
8460 829771
5256 555735
4014 429892
5488 473145
6137 580985
2487 205573
2064 205093
7286 753357
7230 660008
2376 234171
6503 669245
5379 551783
5901 516714
2011 197306
3045 312134
5653 572622
4285 431544
2334 251281
4428 416505
226 22473
2183 239083
3650 302628
692 67980
1563 163538
5878 546685
9227 890321
1961 179894
1183 128497
2625 202376
533 49773
1634 148577
1704 169966
5873 537494
767 76022
7296 696634
6125 472117
2455 216584
1814 176211
6335 666734
7080 753347
9932 928714
7061 686676
2465 275457
7368 600099
9729 1080994
5690 559530
4309 357341
9329 958657
2280 232698
4175 404207
4112 345385
5821 531208
4222 337199
2921 270495
6945 727371
5554 617306
6646 547110
2913 353625
1927 194754
8545 931481
8697 729429
3969 432087
7160 737414
1068 120745
3474 407485
868 76073
5543 525639
8678 843323
3001 274695
2077 214526
8028 867097
6891 717673
6667 747009
3031 260078
1958 219023
8786 852238
4009 416952
5664 528051
842 88370
5247 514827
3504 341858
792 83787
6260 598496
830 72843
2227 237669
237 23526
491 47069
4478 464113
7272 669367
7612 989627
1766 182229
6501 584684
314 36267
3156 309241
4782 520260
8017 834758
6610 624829
918 103236
2228 212471
9838 859731
5942 569989
9766 885537
1622 154494
8573 782431
6707 575676
844 82423
3858 409778
7511 845568
2012 188746
3578 366864
7969 626433
9037 945433
5115 480888
1978 202968
3609 439986
9562 1037404
9457 912433
4705 423253
6360 632397
4859 384774
7517 717506
9376 781091
413 35023
6745 787933
3080 278509
5249 510493
3401 377337
4053 421039
4055 350543
7014 694332
1950 232590
6199 580620
8476 837504
9909 849866
5843 560789
402 39754
1628 160968
7223 615770
4734 393875
6061 594672
6752 657129
7216 657423
3156 309485
9667 854137
9348 1023327
1315 136540
539 53875
4028 385167
708 73662
4197 447298
4909 532260
5376 459502
2250 222419
9862 987852
7217 770980
3836 370996
4739 427791
7772 791468
8060 864241
4190 388949
1124 103840
8365 828376
1131 99086
8394 855695
6493 590977
5587 490022
9556 840642
6830 757823
5188 503699
9309 989936
7817 831230
906 81915
1270 119549
567 62675
5729 521652
3859 443697
4200 464965
8694 749860
3931 401768
4129 373174
6700 823551
3980 393449
7129 785316
7188 682986
567 53601
3917 326469
7443 737397
3585 331795
4439 459982
3828 269457
325 30392
4343 483413
3110 343248
3174 352814
8466 906801
8742 748758
9955 967787
3727 317582
4204 377831
7766 690656
3488 324401
7555 706925
848 86981
6649 719425
2730 259665
161 16437
9713 1011481
4151 404749
3772 345089
3985 354955
5804 512930
1507 153538
9920 981637
7070 719517
1586 155298
7765 729764
2832 251918
6854 667445
3812 422548
6707 633081
6856 655282
3457 352376
653 74075
9976 987458
9170 735488
2800 306807
4769 475490
7740 684867
1954 164277
3691 384449
2339 262995
2691 325272
3727 339136
9509 898918
5371 549967
5457 536925
2029 231580
2835 262898
1267 122712
1249 111048
4683 381459
3885 407233
7067 756658
5799 532736
9030 863023
4646 414237
8042 819200
5795 621975
945 99074
4385 466789
3857 331385
2530 244908
5157 572618
41 3930
3671 403231
76 8451
8821 910279
4787 529848
920 99006
6704 687941
1422 133683
3400 346065
38 3973
3772 322649
1479 141973
7463 743086
4369 428283
4185 415856
2138 218114
3385 316513
2169 241996
5746 672780
7790 730109
117 11209
9882 1007915
4794 489067
9399 999187
8540 825766
2584 244153
5297 460208
8055 790061
9621 976328
4438 474375
1712 190893
4720 476059
3220 331359
1584 135499
3480 341631
4875 445075
4814 574833
6036 633255
5226 430089
117 11833
6847 706767
7012 725399
8025 812385
7602 690314
4493 458575
2238 221903
6950 712690
315 35504
3504 396517
337 31146
7151 734037
5642 579326
9889 1021463
4734 475735
1558 161302
8753 691227
6664 686965
6915 786976
9023 836538
2655 270749
3621 351619
2666 224188
3009 314978
2427 237472
1800 200365
5812 648719
4993 463337
6695 553677
8637 676747
897 100747
4221 383237
9941 1119087
4314 442190
7408 705279
5676 474644
8398 910436
7760 743797
5500 642567
5641 559982
6773 708451
6437 686934
9098 1079834
3773 344534
2803 324471
9344 1045702
8287 806444
3922 403354
8011 791333
9514 988018
759 67933
3922 462220
7695 787881
7211 688133
5950 536498
6990 703539
3779 437393
1470 140033
4316 419993
7495 706179
9400 939518
376 40055
2616 261580
3077 269444
81 7248
5572 547591
4389 420627
1073 105826
9524 989473
8189 742161
541 53887
2600 247032
4285 490592
5643 590805
2602 274710
4484 432982
2770 321001
9820 959153
927 106317
3362 365688
5710 610549
7787 601875
8418 778258
1750 189546
8188 702092
401 37118
7395 725595
5738 540558
2334 258089
6416 687901
3151 313383
4034 366422
7728 715728
6655 725348
4615 449251
1623 154561
9426 978813
9290 1021945
1660 164589
7607 928695
2896 257660
133 12728
1209 129190
2801 285301
4302 464637
6787 800745
1242 104546
226 26353
5543 570345
3903 434246
6629 582894
6170 611587
2715 257709
6077 512762
1800 177719
8942 716320
9199 907908
5153 501792
5117 436619
1678 180142
241 19944
7022 698554
8797 850425
5209 564851
1550 126901
5524 595322
9864 896542
1052 92860
5144 479840
3070 277116
1989 229613
2275 215578
2044 216440
2782 238779
3833 437713
8797 866140
8124 786302
2432 276073
1768 208360
9386 1053679
8316 861300
3142 274330
4731 395366
8178 934554
8205 820399
9428 839244
1154 117955
5799 607113
2965 286477
7259 651307
2122 208659
1369 138144
4197 371472
8767 900457
4433 412150
4156 422207
2594 264313
8801 1025695
3395 425325
6836 733860
1409 145784
7219 657642
4006 420581
9082 858865
6787 577837
7588 803139
3389 298514
7096 738796
7065 622086
5966 673076
3644 302098
9887 812861
8107 824274
6820 687090
6512 678003
6898 578082
4410 430350
8163 809390
6318 587739
2512 291001
2075 197288
323 33139
4084 426382
9602 1026925
4245 383427
4590 501550
5526 532826
4396 453903
7225 640840
2442 229621
7043 661806
5613 567972
542 56541
4181 351005
1043 115800
1535 149062
7019 629401
4587 536266
2627 274243
7509 749625
6818 735708
3858 316874
390 42128
6199 694152
826 71452
3402 296153
1305 118992
749 65829
2884 338687
8998 822619
6398 721684
3621 273796
5055 464845
4329 433946
613 64155
9865 923345
1090 123431
1739 169475
553 50852
9051 862718
8916 955597
8558 864624
6275 552898
3609 328823
2771 276754
5882 646888
4413 434478
3917 385013
1067 105763
196 22009
886 92863
6877 757346
483 55495
1021 113603
5540 560694
1360 130814
9349 952705
5289 528355
2359 238385
7827 827974
7739 784056
5358 513302
3905 418317
2779 285956
1768 157497
876 91207
5977 617659
9145 808229
7644 844973
486 57170
144 17940
3292 325797
3451 342947
7477 694569
3034 391303
3753 350637
5954 614934
1825 180179
998 103331
7365 724901
2803 297858
4451 428103
3910 329649
574 50844
9366 1126935
3318 337827
5056 526292
7105 542003
8680 840832
9464 781728
4752 470342
1717 155517
4930 564532
4857 559912
7039 790504
3875 335679
7152 546678
717 62006
9609 868338
5177 550083
8576 974258
3092 297382
6703 631432
5829 580435
2366 235988
5932 556244
6636 667781
1912 192534
4954 506786
9566 869954
7498 779457
7478 811695
2092 229398
2079 196176
6171 584729
3199 337277
7281 714487
5720 434436
8521 936708
7791 849138
5775 620439
9177 840554
1537 166026
512 49364
1986 184865
557 54520
1032 120926
3307 261348
362 39335
5626 489533
9996 1033005
3310 343576
4662 479548
8149 887306
7890 913114
1491 136587
7911 830311
7820 739120
5726 486555
6016 526577
3207 368670
2668 218966
8021 954278
712 76860
8685 1012164
9408 825673
6317 551933
2553 271562
3355 339093
6338 665750
6141 625120
9858 1030113
5056 468101
3817 401091
251 25465
8718 817280
8296 887261
1249 127180
3804 412292
4267 475296
5636 557725
7334 664052
9222 943187
8521 882278
3396 373397
6651 616875
8719 958783
8282 865476
9725 854560
7334 823967
8226 822351
7553 667775
1756 182134
3039 289517
3014 271603
1376 120677
3219 323603
5778 620279
382 33571
6646 741200
6435 605478
1969 209345
8723 752749
2749 287980
8109 761679
3131 347167
6343 653894
9084 784247
535 57815
4762 517059
7407 626179
6882 677106
7552 709846
9285 999481
4329 437907
3845 375171
5685 542543
5166 530178
9903 898662
606 61937
6309 577956
9700 950931
3601 370684
8863 818363
7936 796528
4108 399903
4888 444205
8816 896137
5889 614697
6891 625465
6078 558026
473 45377
7921 723279
8009 778318
914 84972
3616 387064
660 69566
193 17887
5406 567691
1775 163436
1471 126355
9922 1189299
4605 421857
4814 487382
8903 803262
9757 994815
5441 606634
1947 203776
905 69914
4180 453941
4299 415805
6169 722915
3537 370235
9019 1085408
599 61901
2581 239309
9449 1008428
6594 692093
4786 477290
7309 773369
7926 783027
1223 125723
9353 880741
7494 735128
2224 177910
7861 795904
9514 994188
6377 633283
1581 173457
6132 576154
2602 216208
2195 198804
8664 767754
5542 535714
9534 920242
2070 220013
5613 550986
6053 517231
3149 340327
95 10004
6896 775900
7939 738054
6552 694415
3915 350443
3736 350536
8040 954168
4597 408089
2476 213740
6873 625397
8070 732095
6752 621614
5066 525287
1004 95338
791 83882
2458 226150
9094 1017344
1053 100513
1094 111191
2213 206850
1828 198732
4162 378179
6304 536611
1393 136303
7423 807675
2334 194893
2892 315769
9413 779381
5330 702974
5552 615583
2368 255383
9794 943596
6291 548804
9396 965149
3258 384698
6645 667577
6510 674312
5914 569009
7392 667559
8944 978157
5107 573638
1658 162692
7610 852556
4175 373474
3033 293944
7004 727772
1840 187872
842 76536
9501 891263
8968 940024
5433 454889
9350 975833
6255 637676
4610 443361
5716 500743
9860 1027136
6355 596461
5933 603483
8474 835821
2409 274327
9892 877007
8889 880720
3914 385529
4474 483834
8185 726113
7176 664972
63 7014
6608 647308
8361 688831
4902 505005
2289 238846
5573 547469
474 42277
5582 656789
7641 718609
8044 1028631
8702 1050529
7505 793640
5498 457454
3393 386845
3971 393433
3014 255463
5278 458157
4026 409299
6033 581412
7613 726451
1233 143300
5283 541440
9345 1005501
8119 756201
7122 711761
4991 553762
9196 866251
5238 474126
5194 567708
510 52965
9019 916883
3112 279869
7101 687769
5695 562212
9888 993583
4393 370489
8789 851934
5861 728283
667 64570
8835 870215
5221 583217
160 16231
1215 117368
3352 351173
1113 92253
169 17133
3252 335601
590 68628
4116 488814
2575 305473
6709 592299
9683 856369
7368 632383
6223 562881
2683 264284
7096 654629
62 4782
5507 599381
3705 415152
7162 734131
7112 584485
8511 793489
1699 178496
6481 651425
1890 203090
4708 548982
5242 468235
6854 716999
5322 655318
7944 771817
2853 286253
4254 437905
9059 965459
9511 772914
7937 670324
562 55631
8001 964021
3389 341676
4595 458111
2504 241745
8706 765721
2667 281205
7997 839460
7172 802001
2240 210242
6237 539658
1689 161588
7782 751693
4599 378753
69 7597
6836 675795
7125 816038
7629 774531
199 23021
2624 219307
6439 658539
649 55342
3441 353053
6488 792984
8659 763481
30 2442
8008 836321
7411 795576
7335 783838
1277 113232
5545 548757
1904 164990
3955 377537
7411 678768
14 1443
3091 365931
5443 500223
7863 838502
2509 270507
3164 339691
6645 643594
9201 991797
7067 757873
6101 659328
3841 386190
1417 129552
9144 956355
6258 511109
8950 903248
3971 359841
3907 267142
3834 357815
9471 967600
7668 769375
9203 1087169
7575 746168
3405 324831
1205 143561
1063 109321
9288 1006346
36 3234
7042 718282
4200 410407
3568 383844
2045 229536
5926 574501
8208 706099
8599 771435
8283 791451
6150 666575
2371 221234
7432 733161
5329 543141
2706 249299
8883 791792
4646 532422
8290 845350
4217 405878
7146 648274
7915 752691
6713 550363
4404 402505
6884 736254
7023 686872
4950 565491
1344 106690
1442 157135
5768 625477
4133 425574
3265 308146
9658 970304
5479 522028
1078 105162
5820 593651
4348 479851
2231 232213
6453 562662
2563 288491
9676 918974
34 3654
3724 388811
9852 935710
44 4607
5756 581976
1614 151510
2156 207083
708 77922
5699 604109
8667 688039
9092 852113
1458 154588
182 17608
7290 545408
3953 378680
9439 857607
3528 341371
1280 146109
7435 789567
4250 452476
7869 771512
3038 270735
9768 928029
3294 396008
251 22123
1848 191336
5943 595791
787 84006
3506 308302
7531 745770
6968 727710
8553 745394
4507 422997
41 4196
1057 103571
7040 812743
2222 245278
1436 136420
6087 645675
5592 567282
7239 732426
8236 937839
9942 989579
1834 193186
5649 537812
9257 999250
1322 130300
5268 474559
2781 283579
5991 498216
9240 948064
9732 1101253
8927 1043813
5917 580262
6531 557739
8944 919242
6844 587257
8899 792609
5944 592969
6135 619126
8071 743265
7032 698914
9836 989811
7360 703974
8423 744894
1951 203911
7451 731049
2269 219368
5303 479935
8897 852810
371 32691
1493 175761
4283 357988
5014 546199
6097 628649
2754 277215
8926 826769
4474 442868
8650 841818
7318 855751
8947 835358
8403 858989
6606 559232
9397 813382
5775 548654
7868 803227
5819 722035
7637 674693
2344 226709
2966 340173
3697 339070
9357 1061634
7941 751985
6959 642206
4761 518221
8229 860628
6373 657807
7095 664533
7564 712055
2621 283589
2244 241537
2786 251641
8945 775221
8112 817206
6563 759333
3375 319457
6455 658645
7071 603860
9990 910374
8764 818740
8343 982277
1621 172211
4849 536315
5416 585024
2213 240730
2588 232107
9213 1152115
3997 371019
9527 1007554
786 79643
1056 113806
316 33389
5669 620060
6409 705013
1727 185607
7784 668004
5866 630469
8399 704844
6116 665953
9144 861161
9045 1006131
575 51465
6041 637374
1588 139381
3564 418145
436 50490
5579 542695
5936 624472
3023 277410
425 48152
5226 569048
8738 744542
2185 222703
9776 1040122
5116 554949
7471 590315
5942 617935
924 96332
8304 867461
7066 759891
4498 493488
9628 996421
9500 1031913
3101 363341
6256 564008
3119 275442
4981 489083
5449 425415
1999 183725
9768 1079464
4260 402112
6274 619004
1982 198786
3297 295919
3717 355227
9792 995883
375 42088
9186 992593
6799 735926
7825 823582
6227 720083
9814 933553
3063 337810
446 52805
2160 197356
7595 710600
9837 1278779
8219 728472
5790 560145
3500 384890
7222 703528
890 94273
591 50510
5239 595554
526 59531
