50000
10000
9 869
10 1021
6 607
12 1242
13 1437
5 407
13 1339
11 1181
8 802
8 912
10 1075
16 1573
15 1490
7 770
17 1386
16 1528
6 604
10 830
13 1201
9 963
9 878
11 881
10 996
6 636
6 521
9 1056
15 1215
14 1578
5 529
7 768
8 897
8 815
8 670
11 1154
7 687
8 887
10 985
13 1216
11 1311
13 1208
8 852
7 780
8 847
9 910
10 819
10 1090
21 2229
11 993
13 984
6 577
5 604
13 1216
16 1876
8 772
9 1173
9 913
11 1143
15 1296
13 1350
10 970
5 521
15 1538
8 788
10 923
10 904
11 812
9 1002
6 608
9 872
14 1379
9 973
11 1147
8 812
9 918
7 642
18 1789
8 799
14 1558
6 664
9 888
12 1289
8 864
6 627
9 1047
13 1388
16 1596
6 544
15 1306
13 1239
9 848
12 1303
12 1088
10 1044
7 729
12 1172
11 1145
11 1158
8 897
7 734
6 525
9 892
8 868
9 707
15 1629
14 1291
14 1414
10 1010
17 1740
7 615
7 648
8 740
10 893
11 1165
19 1965
9 964
11 1245
11 1034
8 672
9 698
12 1404
10 956
16 1867
16 1511
7 543
11 1064
13 1260
8 832
14 1597
10 1092
14 1401
13 1233
13 1276
7 703
13 1319
9 613
6 548
8 870
9 857
6 579
11 1115
9 902
11 1111
7 645
10 989
17 1924
11 982
6 506
16 1793
15 1240
9 954
12 1152
16 1319
9 681
9 848
10 1107
5 453
10 785
15 1724
12 1250
12 1337
13 1156
12 1168
11 1028
7 648
6 653
9 765
7 662
10 1071
10 1006
12 1284
6 541
3 309
8 704
11 1177
8 852
11 1029
8 768
13 1298
11 1177
10 1078
15 1748
8 732
7 710
7 715
10 1227
13 1166
12 1080
5 574
6 633
9 870
11 1072
11 1220
10 1060
6 592
11 1205
9 856
6 733
14 1571
9 876
8 700
7 766
11 986
10 988
11 1031
13 1394
12 1153
8 843
8 919
9 1056
15 1524
11 963
10 980
14 1363
14 1610
12 1069
6 696
10 1042
18 1811
14 1670
18 1978
8 824
11 1049
7 638
8 777
14 1070
8 903
9 993
11 1203
11 1125
14 1526
12 1054
9 912
11 1051
9 920
7 795
8 801
15 1552
7 783
11 1110
6 624
12 1311
12 1192
9 928
13 1402
13 1355
13 1518
14 1276
8 831
10 908
12 1317
7 719
12 1396
7 651
8 915
14 1746
11 1103
9 863
13 1244
13 1266
8 864
9 968
9 884
5 505
8 739
8 673
11 1249
9 906
11 1054
9 792
11 1033
13 1355
20 2155
5 484
11 1115
8 753
8 740
7 767
8 778
14 1069
11 1137
13 1338
9 947
14 1417
12 1380
8 850
10 948
6 597
10 1016
8 741
13 1265
12 1403
8 680
10 965
8 771
7 703
12 1291
13 1483
10 1026
19 1975
8 902
11 1250
13 1490
10 1075
10 1003
12 1070
8 710
9 932
12 1120
10 883
6 578
8 765
7 790
14 1333
9 911
9 1014
9 923
9 882
9 982
10 833
13 1071
10 834
15 1317
11 1015
17 1704
9 981
11 1105
12 1273
15 1453
13 1172
8 848
15 1309
9 993
10 928
10 1102
7 691
14 1172
16 1606
14 1364
10 894
13 1211
8 646
14 1253
12 989
13 1288
10 1181
5 548
6 672
17 1693
6 543
10 899
8 720
9 1036
11 967
9 918
11 1144
9 802
18 1874
9 790
10 1061
7 633
4 347
11 1137
9 942
7 651
13 1432
10 840
5 594
10 1066
11 1205
10 870
6 573
9 854
8 924
7 701
9 968
16 1716
14 1478
8 749
3 306
13 1394
9 909
7 679
9 946
14 1294
8 880
9 804
14 1245
10 1016
15 1333
10 1213
6 581
10 1031
10 1096
8 891
9 909
13 1416
14 1249
15 1438
10 1077
10 1075
8 744
8 822
11 1069
11 1158
9 657
11 1162
11 992
13 1343
12 1097
9 802
9 719
9 942
15 1418
9 874
15 1643
11 1129
5 505
9 932
12 1345
11 1112
7 614
4 427
6 568
10 1014
8 898
10 1087
9 795
10 1057
6 575
10 1027
7 811
12 1069
6 679
5 514
10 826
17 1790
12 1268
10 1002
11 1193
13 1244
9 880
13 1347
13 1537
8 694
7 618
11 1194
11 951
9 874
12 1301
11 928
14 1314
14 1471
6 690
7 619
14 1305
14 1611
17 1637
9 827
4 439
13 1306
11 1038
7 742
13 1366
15 1599
8 799
6 530
10 841
6 636
16 1449
5 473
15 1496
17 1766
6 599
13 1401
9 790
4 445
16 1748
8 849
11 1194
5 497
11 1033
13 1305
12 1196
13 1239
12 1365
14 1561
7 667
8 854
15 1430
13 1285
14 1509
14 1547
6 608
10 1022
7 657
8 788
10 802
4 371
8 833
14 1469
6 683
8 815
11 990
7 673
11 1023
5 530
7 601
13 1317
11 1001
14 1404
12 1308
12 1102
10 998
10 931
10 834
14 1463
13 1370
12 1142
5 468
7 699
11 1136
13 1425
13 1348
9 1006
6 566
9 833
9 721
9 981
14 1340
10 977
8 695
8 849
8 819
8 769
11 1062
11 1003
8 868
6 598
7 731
7 651
12 993
9 949
13 1436
11 1030
7 709
14 1427
11 946
8 900
14 1275
10 924
10 1011
12 983
9 794
10 1042
10 1016
10 991
8 814
15 1506
8 758
7 699
15 1304
11 922
11 926
13 1415
13 1447
8 900
12 1101
13 1147
8 860
15 1070
10 781
9 999
8 774
8 823
9 1041
13 1157
10 1043
17 1435
11 1084
10 1127
7 706
9 924
10 1007
12 1366
6 548
18 1624
7 680
13 1208
15 1438
5 424
15 1510
6 500
14 1148
11 965
11 1172
14 1226
13 1330
12 1086
18 1975
12 1169
10 1169
11 1265
10 1004
14 1357
10 924
13 1194
16 1620
12 1349
10 929
13 1481
9 682
7 710
10 1181
16 1573
18 1644
16 1296
15 1434
9 805
16 1496
8 731
9 853
13 1341
8 825
4 381
14 1471
7 691
10 951
10 1000
7 678
8 951
9 921
12 1160
6 667
6 606
13 1322
14 1369
7 842
6 580
10 1098
4 380
14 1607
7 616
19 1956
15 1417
8 869
9 868
3 277
8 736
3 298
7 725
14 1291
12 1285
12 1163
7 649
15 1524
13 1214
8 745
13 1487
7 702
5 550
9 895
5 388
11 1253
17 1475
12 1075
7 593
5 443
14 1322
12 1393
14 1245
11 1093
11 1035
10 1060
6 554
10 1094
10 1060
14 1266
6 594
13 1315
9 806
12 1208
8 833
11 1071
8 831
9 924
11 1185
14 1370
10 1014
10 1037
10 1032
13 1184
8 888
9 894
9 832
11 1093
9 862
7 693
9 1073
13 1125
7 739
5 496
11 942
16 1749
17 1570
12 1153
7 614
15 1481
10 1008
10 875
9 945
3 274
9 946
9 933
8 747
13 1085
8 774
7 781
14 1389
14 1519
9 947
10 867
12 1009
7 666
7 761
10 1055
6 705
11 946
11 1307
4 399
13 1128
15 1488
10 922
7 697
3 284
10 1102
9 706
5 515
9 743
7 635
10 1050
10 969
14 1268
14 1595
14 1502
11 1197
10 1019
12 1290
15 1170
12 1377
13 1006
7 691
7 750
13 1328
11 1193
11 971
8 804
5 447
4 379
10 1001
20 2034
8 861
12 1380
12 1102
11 1155
11 964
8 866
7 812
12 1044
16 1703
7 797
7 682
8 792
14 1396
9 919
10 1013
7 569
11 1078
7 743
13 1331
10 1070
8 925
11 1207
10 1025
9 813
14 1686
10 1020
9 812
10 988
17 1548
9 968
6 630
11 1014
10 1156
9 753
10 1086
15 1457
11 1106
6 639
5 473
7 783
13 1254
5 492
6 551
8 820
8 868
12 1255
10 842
14 1510
12 1486
10 1028
12 1301
7 586
12 1255
15 1554
9 789
13 1229
14 1354
7 618
13 1517
8 738
5 399
10 992
7 851
8 819
10 965
12 1046
13 1484
11 1075
5 534
9 886
13 1487
15 1638
11 1232
7 667
11 1150
11 1035
6 547
11 1148
13 1487
6 552
8 932
7 798
5 503
8 831
9 935
11 1037
13 1073
12 1345
12 1170
13 1536
12 1138
7 531
15 1544
5 540
10 1159
7 669
12 976
14 1402
7 600
6 586
12 1218
11 1048
8 761
11 1034
4 465
6 540
9 998
6 629
12 1008
15 1486
13 1247
13 1029
8 820
9 913
7 771
11 1101
6 499
12 1209
12 1452
9 863
12 1178
8 852
10 933
7 660
12 1119
7 730
11 1128
4 459
13 1308
10 992
12 1143
6 664
10 1054
8 854
8 828
11 1292
10 1146
14 1589
10 1123
13 1468
10 1015
16 1665
9 826
11 1306
13 1301
12 1345
10 938
14 1331
11 1243
8 755
10 1151
9 903
9 1044
12 1098
17 1550
13 1437
13 1414
5 484
20 2041
10 997
11 1247
6 561
12 1106
8 880
10 1052
4 405
11 1147
11 1163
17 1479
10 1070
13 1183
8 714
11 1114
11 1102
18 1729
16 1454
3 273
12 1254
16 1591
8 876
8 781
17 1804
9 1036
14 1309
12 1011
10 1030
11 1114
7 736
10 972
5 480
5 468
12 1157
9 932
8 683
10 1118
7 597
5 568
5 481
13 1182
7 696
13 1175
7 756
12 1114
4 348
13 1280
13 1207
11 947
10 946
10 866
6 651
8 864
8 847
10 1125
10 1109
9 851
9 984
15 1615
13 1533
10 1000
9 965
10 969
8 851
12 1323
8 831
14 1102
5 325
13 1364
17 1802
8 885
9 862
4 420
10 1140
11 1035
6 592
10 902
12 1151
15 1517
11 880
18 1762
11 1029
12 1299
14 1325
11 1109
11 1147
13 1133
10 1048
8 883
14 1498
7 806
7 748
8 842
8 776
5 515
5 530
7 710
18 1911
9 715
7 723
12 1374
10 991
4 383
5 500
11 1103
13 1419
12 1220
10 919
13 1344
12 1413
12 1114
11 1199
18 1846
9 725
17 1536
10 1091
7 719
9 892
11 1197
11 997
7 725
9 985
5 446
10 956
4 483
2 207
7 604
6 584
10 966
10 844
12 1257
13 1398
10 1128
14 1434
11 1234
23 2144
10 996
10 1073
9 962
6 566
14 1674
10 1031
11 1128
9 979
6 643
10 815
6 629
12 1233
12 1274
9 917
10 1099
12 1189
7 653
4 336
9 1041
11 1250
6 686
10 918
11 1086
6 546
7 715
8 854
10 1177
8 812
9 853
11 1070
19 1855
8 767
7 669
9 800
17 1553
7 748
7 655
10 1060
12 1021
9 897
9 814
6 558
5 495
7 724
13 1444
9 895
14 1397
12 1257
7 724
4 365
14 1459
13 1029
9 823
12 1217
7 670
8 822
5 586
12 1151
3 294
12 1301
9 900
10 1125
8 784
9 917
10 1052
16 1337
10 902
18 1637
4 393
4 405
14 1380
2 195
14 1384
9 863
13 1373
17 1794
7 729
10 949
8 828
14 1537
7 740
11 1171
9 1050
7 670
11 1336
13 1442
9 1067
8 826
12 1224
12 1265
6 496
13 1225
11 1001
12 1094
8 725
12 1165
8 832
9 971
12 1277
9 1040
13 1255
13 1322
6 579
11 1140
8 816
9 997
6 559
11 1087
15 1450
8 757
16 1452
15 1352
8 875
8 750
7 611
14 1329
10 809
11 1044
7 779
11 1151
10 1100
5 440
10 1158
12 1186
10 1050
13 1458
11 1212
7 617
9 898
7 648
5 512
15 1612
5 508
10 1042
9 1014
13 1355
11 975
9 967
9 887
12 1241
11 1218
10 894
10 932
11 1005
16 1575
11 1023
14 1553
12 1303
8 801
9 1032
15 1510
9 849
14 1296
14 1274
11 1242
9 961
12 971
11 1035
12 1059
11 1103
12 1221
11 1186
9 828
8 846
12 1369
10 1029
11 908
12 1299
13 1416
10 978
11 1112
6 546
10 1007
7 737
14 1243
18 1601
6 594
6 639
7 770
4 443
6 607
12 864
12 1259
9 884
9 1030
9 901
7 600
11 1163
13 1317
7 781
7 589
14 1420
9 988
9 818
8 702
12 1139
15 1700
10 1176
10 937
9 1050
10 1029
8 855
13 1660
7 687
19 1895
17 1741
5 548
6 552
12 1076
13 1473
10 984
10 1055
10 1183
4 418
18 2039
15 1501
12 1013
6 611
15 1618
9 855
8 692
13 1483
7 762
15 1487
15 1461
9 813
10 857
11 1243
11 1172
13 1292
11 993
9 1033
7 644
7 637
11 1074
15 1581
11 1130
10 1035
12 996
14 1487
3 315
5 534
12 1268
21 2032
7 660
10 1050
12 1160
16 1469
12 1473
8 782
8 761
9 888
7 619
15 1380
6 577
7 664
12 1302
9 916
9 1042
11 850
9 935
13 1375
11 1046
13 1340
12 1147
6 573
7 718
9 876
10 1047
12 1238
15 1597
12 1350
6 622
9 722
7 753
13 1212
3 285
12 1242
15 1345
12 1347
11 1206
12 1315
9 827
14 1383
9 914
6 698
14 1712
10 1037
11 1142
4 384
11 938
11 1165
6 519
11 1145
9 962
12 1427
6 568
10 1007
7 724
12 1212
8 621
13 1391
16 1781
8 673
5 491
11 1184
14 1315
17 2003
12 1238
15 1346
11 1045
16 1483
14 1342
21 2118
10 1073
6 488
15 1662
12 1285
8 818
11 1167
12 1189
8 621
10 991
14 1426
12 1090
11 963
10 999
11 979
11 1166
8 781
8 712
11 973
5 537
12 1366
11 1033
7 694
15 1384
14 1253
7 618
8 811
10 930
16 1449
18 1832
3 291
12 1142
9 821
7 518
10 824
12 1097
13 1564
11 1088
11 1024
8 902
14 1471
8 774
11 919
8 776
11 1093
10 1076
11 1105
11 1035
9 633
11 1155
11 1147
11 1249
13 1306
10 1032
11 1174
10 1060
8 797
16 1562
12 1292
8 759
6 553
13 1001
6 461
11 1075
17 2021
5 534
12 1157
6 667
14 1325
11 1170
7 647
9 1004
9 771
14 1645
11 1075
8 787
9 923
6 648
8 806
8 924
10 876
11 1314
11 1101
12 1130
6 679
10 994
8 818
9 878
9 900
6 708
14 1702
8 782
8 733
16 1537
12 1310
8 733
10 753
12 1037
11 1045
8 701
9 883
13 1262
9 764
10 922
10 973
10 822
13 1174
11 1312
6 565
11 972
9 674
10 734
11 1101
10 933
5 552
13 1300
16 1659
14 1554
10 1119
7 604
10 998
9 946
5 584
9 806
12 1167
11 1147
12 969
7 581
10 1026
16 1805
15 1576
12 1160
9 843
12 1031
12 1305
9 991
6 627
10 945
8 873
8 773
7 728
3 267
9 805
10 946
8 760
10 1025
8 905
6 599
8 850
9 913
11 1175
9 855
10 981
7 674
9 912
16 1754
6 591
6 637
19 1819
14 1407
12 1195
7 612
10 1037
12 1237
8 758
8 804
7 630
7 805
12 1113
9 861
8 708
11 956
9 697
8 793
11 843
6 543
6 647
11 1120
10 986
10 1159
7 716
7 571
17 1622
9 1015
8 865
12 794
9 914
17 2119
7 759
7 630
11 1052
13 1335
9 990
7 707
9 917
6 665
16 1726
16 1750
8 851
10 903
14 1819
11 1166
9 885
12 1352
10 966
8 715
9 918
14 1376
3 291
20 1919
14 1346
12 1105
14 1493
8 805
7 654
12 1002
16 1777
8 620
11 1238
8 857
9 896
16 1334
11 1195
7 627
8 873
5 552
8 776
16 1330
10 982
11 1278
8 617
9 809
12 1199
9 979
14 1200
7 600
16 1509
12 1377
9 929
11 1164
8 824
14 1431
14 1333
13 1256
6 538
6 578
4 353
12 1230
12 1305
10 1011
7 773
15 1246
9 771
15 1681
17 1656
9 907
14 1375
8 744
10 952
7 710
9 896
7 701
7 754
8 651
7 647
7 584
13 1189
12 1344
10 1039
14 1323
11 901
11 1169
17 1583
10 1172
12 1205
6 584
5 527
10 942
14 1444
4 426
5 551
14 1474
16 1453
8 779
7 628
8 807
7 607
9 815
11 1145
14 1446
6 740
13 1218
7 767
8 814
9 868
14 1483
17 1644
11 1164
10 859
10 877
7 795
7 736
11 1162
11 1345
11 1145
11 1312
12 1365
10 985
7 798
11 1239
10 1047
3 256
9 794
6 579
6 456
3 253
11 946
10 1131
11 1040
8 782
13 1203
11 987
15 1465
12 1048
11 1152
7 757
5 497
9 974
14 1508
8 890
15 1438
6 616
10 1141
12 1196
9 1099
9 914
14 1425
14 1417
12 1413
13 1281
11 1138
16 1467
14 1346
8 661
15 1090
9 1087
14 1377
13 1414
9 723
15 1327
14 1432
9 1034
4 397
8 662
12 1260
7 706
8 742
7 656
14 1520
8 663
11 1099
14 1602
15 1519
10 1033
9 680
8 855
7 695
11 1053
5 599
8 763
13 1118
6 604
7 705
12 1090
6 570
7 664
10 1024
19 1941
12 1300
7 744
6 587
13 1291
10 1005
10 929
14 1357
7 777
7 700
15 1448
4 349
8 843
8 919
7 588
10 952
14 1406
6 589
8 817
14 1281
11 1050
10 1013
16 1595
10 1047
9 1023
5 428
11 1122
6 452
9 910
12 1214
11 1229
12 1199
13 1344
13 1648
6 668
9 681
9 769
9 941
8 741
16 1444
11 1192
7 724
8 797
11 1068
12 1216
10 932
12 1232
12 1235
13 1444
5 553
14 1408
14 1371
5 514
12 1340
9 951
11 1283
13 1448
8 662
8 760
8 891
11 1471
8 763
8 832
15 1436
11 1023
7 744
16 1647
12 1161
10 1069
7 691
10 1125
10 1126
10 1162
7 903
15 1442
9 990
4 439
7 534
18 1546
8 936
10 916
9 862
11 1103
5 433
7 850
7 623
10 1083
14 1296
15 1731
14 1466
10 1026
11 1193
7 657
7 618
12 1414
10 894
11 1094
13 1278
7 663
13 1554
8 831
10 1081
10 834
2 211
12 1277
5 514
13 1369
11 1011
9 926
9 801
6 493
11 1221
7 600
7 628
6 611
10 896
10 882
15 1469
19 1697
5 452
15 1447
11 1231
9 950
9 851
7 746
6 566
8 892
5 571
6 670
8 663
10 999
12 1141
4 417
7 705
10 926
11 1131
11 976
10 1031
5 489
8 799
12 1336
13 1642
8 871
13 1250
12 1237
13 1492
10 1027
13 1223
8 920
9 880
10 924
11 1173
9 889
10 920
9 880
10 1095
16 1711
8 723
4 415
13 1167
8 912
15 1618
4 341
7 673
15 1603
7 578
8 835
12 1113
8 761
8 664
9 1088
11 1122
8 934
12 1133
13 1622
11 1157
11 1222
5 493
14 1323
8 638
10 975
8 755
18 1603
9 913
7 759
11 1114
8 871
8 776
7 631
9 973
9 1030
8 843
11 1104
10 894
18 1562
10 976
8 651
6 573
13 1204
9 935
9 944
14 1369
7 618
9 866
12 1272
11 1253
12 1165
13 1389
12 974
13 1156
18 1627
11 1321
8 844
11 1238
5 492
10 979
11 1141
10 1105
12 1049
11 1167
14 1267
8 832
7 655
9 952
9 1042
10 936
11 1183
11 1102
11 1074
8 887
13 1280
9 738
8 842
9 957
11 990
7 672
14 1449
11 1021
9 872
14 1315
16 1304
9 974
11 782
10 1049
11 1016
8 805
14 1305
11 1130
7 704
10 942
6 590
3 386
9 831
15 1615
13 1313
17 1447
10 1112
9 1002
10 933
11 1242
9 1019
10 960
12 1350
10 938
9 791
9 918
11 1079
13 1212
5 448
10 981
9 936
8 832
5 542
7 639
12 1274
18 1854
6 614
7 676
4 355
11 1222
13 1738
7 711
11 1009
8 975
8 742
11 1145
8 608
10 866
9 837
10 1036
7 726
7 745
13 1232
11 1349
8 790
10 1106
10 1010
7 769
13 1105
10 971
12 1265
7 671
8 952
10 1043
11 1193
11 1045
15 1580
6 594
8 731
13 1293
10 1112
9 786
9 1003
6 580
9 968
11 994
7 692
11 1118
16 1406
9 962
3 268
14 1410
6 591
14 1392
6 676
9 975
8 709
13 1380
10 868
17 1456
10 957
7 673
14 1322
11 969
10 1168
10 803
8 811
7 635
9 802
9 875
6 568
8 839
9 1030
12 1266
9 801
15 1760
9 870
12 1200
7 638
15 1564
11 1172
10 1237
5 492
7 665
12 1084
11 1041
10 779
14 1485
13 1408
9 927
13 1255
11 1130
10 1068
7 612
11 960
11 893
9 932
7 636
11 1244
7 743
9 1043
12 1396
14 1313
15 1573
10 1051
12 1277
15 1290
10 755
10 1083
11 744
8 841
9 747
10 1150
10 1037
12 1126
10 904
8 737
10 1102
10 1158
14 1220
14 1455
11 1113
12 1357
9 961
7 690
10 1050
10 1067
11 1113
6 610
6 540
15 1610
11 980
9 887
14 1518
6 613
9 905
10 1052
8 831
13 1269
12 1076
18 1488
7 632
6 637
9 962
9 971
11 909
12 1308
10 907
11 898
6 555
16 1825
9 797
9 959
14 1521
8 818
8 866
10 999
17 1857
7 658
16 1504
7 679
15 1521
8 731
17 1676
8 590
11 1062
11 859
8 835
12 1003
13 1387
6 545
6 614
9 850
13 1399
11 1274
12 1338
7 609
9 810
9 794
11 1345
13 1290
12 1343
11 1008
13 1252
9 964
3 313
7 678
23 2273
8 871
8 715
10 950
10 1030
10 911
11 1149
12 1234
3 322
9 853
10 1221
15 1308
8 818
15 1449
14 1311
10 972
9 780
5 499
9 771
13 1348
8 883
10 938
8 819
11 1049
12 1057
12 1058
18 1747
10 1000
10 989
4 448
10 1021
12 1299
13 1082
12 1330
10 1023
8 968
14 1139
12 1089
7 679
7 695
2 185
11 1184
16 1478
13 1256
10 764
7 718
6 577
8 1010
8 918
7 472
14 1501
11 1302
11 1302
13 1578
11 1045
7 712
12 1036
12 1107
6 620
12 1242
9 986
9 896
10 985
10 850
8 708
13 1044
12 1022
11 1234
5 513
12 1332
14 1469
7 698
9 969
19 2422
15 1823
11 1054
6 596
8 790
10 1015
15 1243
8 825
6 599
13 1492
11 1102
5 486
13 1281
13 1386
8 688
9 744
13 1363
15 1523
7 676
14 1018
14 997
11 1017
5 450
7 768
14 1237
14 1289
14 1153
12 997
10 1010
7 814
21 1895
14 1258
9 994
10 819
10 972
8 851
9 873
7 670
12 1062
13 1284
16 1417
9 1004
10 1082
4 444
11 1119
9 865
7 771
8 888
7 737
5 482
8 754
14 1373
11 954
9 813
8 804
11 1041
15 1709
11 1116
8 786
10 926
9 963
6 509
7 657
6 434
10 1109
6 601
5 517
8 610
10 970
7 767
11 920
17 1897
12 1347
9 868
16 1715
11 1175
11 1200
9 1030
3 297
6 574
11 1106
8 757
11 1116
15 1472
14 1409
13 1298
3 332
6 683
5 557
8 791
9 679
13 1340
9 764
10 915
8 772
12 1190
10 1127
10 843
12 1346
8 855
6 640
9 868
8 645
11 1124
7 730
8 831
11 1056
9 914
7 715
8 874
7 685
11 1015
7 690
15 1382
12 1325
13 1231
13 1276
11 934
9 869
9 970
7 757
7 716
8 839
13 1398
11 1012
13 1381
13 1255
8 828
17 1887
11 1118
12 1249
11 1129
7 632
8 799
11 1143
10 971
10 1035
12 1217
6 659
5 491
8 826
8 853
15 1338
13 1252
9 709
10 896
20 1910
10 1037
11 1174
15 1501
7 504
5 521
9 882
6 559
15 1636
7 762
7 691
10 878
6 575
8 972
8 675
11 1062
10 954
10 1004
12 1555
8 780
9 919
9 775
6 564
9 972
11 940
7 658
2 234
10 1022
7 763
7 731
9 1015
9 952
12 1275
16 1588
11 1050
8 656
5 481
7 659
9 1009
12 1227
11 1083
11 1090
10 999
12 1185
12 1368
14 1448
8 751
9 974
10 1077
14 1067
7 755
10 1049
13 1357
9 866
9 819
9 932
17 1380
6 706
10 1127
13 1388
9 937
7 678
2 215
12 1220
13 1210
13 1493
6 627
10 923
6 580
4 343
9 904
4 412
8 821
10 1053
12 1094
6 610
21 2201
9 836
7 661
11 1148
7 714
12 1333
8 786
11 998
11 1105
10 867
11 1131
11 1068
11 1029
5 457
7 675
10 1061
8 897
6 611
9 763
14 1394
11 1066
1 92
8 656
12 1047
13 1147
9 768
12 1264
17 1414
10 1020
10 809
10 1132
12 1244
8 785
9 987
5 520
12 1091
6 663
11 1049
17 1632
13 1417
12 1136
7 705
9 960
9 858
4 324
13 1215
11 955
7 651
14 1543
10 984
5 526
13 1525
13 1389
8 828
14 1368
15 1702
8 805
8 657
14 1384
10 865
3 283
9 822
12 1084
9 773
12 1304
10 1126
5 528
10 1214
8 888
12 1458
11 971
8 766
10 969
9 790
10 1000
14 1314
13 1390
14 1158
8 934
7 705
13 1370
3 295
5 539
12 1212
5 476
13 1097
7 632
14 1420
8 818
9 907
13 1373
13 1174
16 1380
13 1298
13 1382
8 857
14 1430
13 1300
9 772
7 775
12 1219
14 1286
11 1242
8 895
8 852
12 1279
13 1353
13 1334
3 265
13 1299
8 687
6 632
11 982
11 997
8 724
8 849
11 1247
6 544
5 562
7 647
12 1214
8 712
11 1092
16 1731
11 1173
6 551
11 1175
6 560
9 895
8 674
6 638
6 568
2 206
8 737
10 1140
6 543
13 1226
14 1480
17 1843
14 1536
8 794
6 686
10 1097
9 750
15 1365
12 1066
15 1609
7 725
18 1784
13 1388
5 578
9 850
15 1525
9 1025
6 577
8 883
6 681
6 600
11 1034
9 1105
16 1496
8 790
6 656
7 804
5 528
9 895
9 891
16 1470
8 772
11 1029
12 1236
8 818
8 866
9 1040
14 1157
9 794
5 560
11 1201
12 1284
8 820
17 1592
10 957
12 1208
11 1013
7 844
14 1466
10 1073
6 580
10 982
13 1278
9 938
8 887
4 376
7 742
13 1232
6 677
12 1187
15 1391
11 1286
15 1645
6 650
9 801
10 825
11 1048
10 777
11 982
13 1237
9 894
10 934
19 2015
6 521
12 1439
9 956
14 1546
7 640
9 758
10 993
17 1720
10 873
7 803
6 568
9 957
12 1218
4 384
10 1021
11 1084
13 1113
15 1878
10 927
8 896
11 928
9 891
8 867
9 894
12 1025
4 438
18 2034
8 775
11 960
12 1196
13 1211
9 976
14 1496
18 1888
11 1063
12 1075
11 1238
10 1033
7 688
5 458
9 836
14 1245
17 1539
14 1301
6 688
6 719
7 790
10 953
16 1760
5 501
10 903
9 913
11 907
12 1213
11 1182
12 1081
7 629
12 1216
15 1600
11 1054
15 1836
12 1272
15 1567
8 650
6 579
11 1005
17 1473
8 792
13 1457
9 825
12 1076
8 733
3 313
12 1004
4 407
9 899
7 737
14 1252
8 767
13 1201
14 1514
14 1459
10 1075
9 869
11 1016
15 1444
9 930
10 1124
12 1163
15 1607
7 631
12 1256
10 985
5 481
13 1316
16 1668
11 1329
6 605
5 495
10 696
9 920
13 1196
6 632
10 1143
11 1108
8 822
6 593
10 1000
13 1062
11 1142
7 656
6 532
12 1139
10 1002
5 566
17 1702
10 798
12 1234
11 1041
8 699
10 918
11 1006
18 1760
8 675
10 1090
5 492
9 885
5 526
18 1743
9 850
9 904
8 884
17 1670
9 849
17 1637
13 1397
17 1796
16 1395
12 1197
5 498
10 973
8 615
9 993
11 1149
11 1079
10 912
9 942
8 803
6 549
12 1259
11 994
7 689
7 677
6 641
11 1057
10 1029
10 1206
10 1079
6 610
12 1057
13 1556
13 1334
9 945
10 935
9 1010
12 910
5 470
16 1498
20 2145
9 800
11 982
14 1408
12 1007
6 636
15 1563
13 1122
7 717
11 1211
11 1256
5 450
9 952
13 1121
8 791
4 366
15 1787
17 1522
12 1178
8 825
7 607
11 1101
15 1575
7 790
13 1332
9 819
10 813
9 994
11 1095
12 1132
5 536
10 1191
9 845
11 1122
9 887
11 926
8 786
4 400
5 528
8 715
9 889
9 977
6 584
10 1073
11 1310
12 1281
16 1484
17 1353
5 508
11 918
7 784
10 996
15 1381
5 527
10 997
7 584
9 896
13 1249
9 784
11 1051
11 1107
12 1251
11 1140
13 1151
6 601
6 628
15 1417
6 581
7 709
6 532
16 1483
8 677
9 899
9 884
8 882
11 880
13 1311
7 569
11 1245
12 1140
14 1439
6 590
8 816
10 1097
8 853
20 2272
5 421
13 1283
9 1028
8 775
10 876
10 914
8 819
7 710
7 665
6 636
9 848
10 1172
12 1075
11 1100
10 993
11 1249
5 470
4 386
10 1060
14 1262
12 1201
14 1224
9 894
7 601
7 654
10 1005
14 1467
12 1310
11 1221
8 727
11 1070
6 630
3 302
8 732
12 1127
7 776
13 1300
3 311
10 843
8 678
13 1291
16 1607
9 820
11 1025
9 853
12 1313
7 743
4 418
16 1537
8 900
9 817
12 1339
8 652
7 769
18 2015
7 703
15 1536
4 380
12 1126
13 1415
12 1217
12 1350
7 627
4 408
9 1011
15 1462
8 708
4 363
9 957
5 508
8 671
10 1077
15 1691
10 1023
8 810
12 1116
11 1219
11 1134
16 1525
9 780
9 961
11 1153
12 868
10 1067
7 595
16 1505
6 628
10 1040
12 1140
14 1316
4 372
5 496
11 1122
12 1239
12 1088
9 824
11 1030
7 810
8 768
14 1425
6 633
12 1261
8 789
7 707
14 1470
7 597
13 1235
14 1640
6 508
14 1527
14 1254
12 1363
5 511
11 1163
11 1229
6 668
11 1147
10 893
11 1154
9 898
3 353
9 937
10 951
14 1360
12 1142
9 841
9 855
19 1989
11 1141
13 1305
5 467
15 1482
3 328
10 1081
11 1124
6 509
10 1035
9 788
8 765
9 818
11 1048
7 854
10 923
12 1349
7 728
11 1052
11 1032
7 749
6 617
11 1294
9 900
4 379
14 1401
10 885
10 869
12 1472
11 996
7 629
8 938
14 1404
7 732
9 911
16 1538
13 1202
7 832
18 1786
9 974
10 955
9 808
14 1062
9 874
15 1491
9 989
8 805
9 1060
9 776
7 678
8 722
10 969
16 1405
9 877
8 607
11 1198
9 956
8 847
14 1261
7 663
15 1349
11 942
10 1016
13 1532
9 1025
6 605
13 1303
6 618
6 561
8 803
13 1278
16 1628
18 1757
11 1096
9 959
6 723
9 846
9 815
12 1164
6 569
12 1115
9 743
5 446
7 725
14 1545
3 380
11 1080
5 473
4 349
7 670
11 1189
11 1038
6 573
12 1220
9 789
10 706
8 785
18 1629
11 1121
11 1000
9 1010
6 552
5 511
9 969
7 781
7 791
12 1164
11 970
9 1000
15 1355
10 971
13 1213
4 391
12 1231
11 1052
8 797
5 478
5 506
10 1016
9 781
14 1505
10 982
14 1185
11 1284
19 1868
9 755
9 822
6 642
13 1280
11 1174
8 830
12 1357
17 1812
13 1269
16 1555
9 803
8 828
12 1170
7 636
7 655
13 972
14 1346
6 606
6 578
17 1977
7 587
10 977
12 1004
5 487
13 1417
13 1355
11 1053
5 524
10 996
9 778
13 1163
9 940
9 1006
9 958
9 902
11 1103
9 837
17 1671
21 1823
15 1379
17 1685
10 966
15 1408
4 372
11 1068
11 1192
10 1011
4 377
11 1064
7 626
11 920
8 729
12 1396
10 1142
10 935
9 992
7 721
14 1520
8 722
9 962
9 873
12 1346
11 995
12 1323
11 1268
7 692
11 1222
15 1388
13 1406
11 1139
11 1055
7 675
8 783
13 1437
4 369
12 1283
8 639
9 826
13 1423
10 997
9 800
15 1375
9 1002
9 936
4 403
7 681
8 871
7 587
10 1011
11 1164
15 1455
13 1386
15 1563
11 1051
8 758
4 356
13 1170
11 1066
7 701
13 1381
14 1598
6 711
7 618
17 1888
8 742
16 1882
9 960
15 1653
15 1496
12 1171
13 1138
8 1009
7 576
17 1403
12 1160
11 1028
14 1434
13 1247
10 1073
7 731
11 1116
12 1272
7 768
7 730
15 1655
5 533
9 895
12 1353
14 1177
7 731
13 1410
10 863
13 1242
13 1167
11 1064
16 1495
10 919
9 695
9 1104
14 1458
8 866
11 1194
16 1804
9 951
9 753
12 1033
8 826
10 1128
18 1844
7 659
12 791
10 1108
11 1086
10 1146
6 662
13 1394
8 895
10 820
9 891
11 1038
18 1953
7 661
6 648
8 874
5 493
17 1787
8 767
8 881
10 810
6 600
8 742
11 1203
13 1364
13 1169
12 1148
12 1185
6 626
13 1097
15 1561
3 307
11 1243
11 1112
12 1169
12 1023
10 803
13 1327
12 1356
11 943
13 1435
11 1071
9 910
11 963
5 438
8 787
5 488
4 480
13 996
7 686
9 1016
8 795
11 1008
8 1013
7 748
9 840
8 984
7 624
11 1020
10 1032
17 1597
13 1479
11 936
5 429
11 1165
11 1083
8 888
5 529
7 696
4 392
13 1285
8 1065
9 957
4 369
11 1121
7 659
8 879
7 691
8 909
9 995
10 1116
6 638
5 512
6 588
12 938
15 1392
17 1693
13 1295
9 964
9 723
11 1149
8 634
13 1353
7 625
8 821
10 1325
10 1173
7 706
7 748
10 966
14 1310
6 529
4 404
8 807
18 1893
15 1414
9 823
6 631
11 1238
10 1162
10 943
7 741
8 865
6 599
10 1036
9 964
7 635
9 802
13 1203
8 719
6 576
10 1124
12 1347
10 874
12 1299
12 1015
12 1089
4 426
10 1193
5 458
12 1156
17 1529
4 338
8 761
3 252
9 898
6 618
8 777
7 879
9 958
10 1068
15 1401
8 808
14 1406
10 1050
8 810
9 953
6 645
7 799
14 1377
12 1109
12 1447
8 884
11 1187
13 1500
6 653
15 1592
10 916
10 1042
16 1638
10 1081
13 1256
13 1341
14 1473
5 496
10 882
7 687
12 1175
10 971
12 1079
11 1098
17 1858
11 916
7 836
5 459
14 1285
13 1013
4 372
10 1086
8 765
14 1485
4 413
11 1068
7 696
12 1471
13 1548
6 632
11 1211
13 1426
14 1284
11 1120
9 837
10 873
12 1175
7 702
13 1047
5 517
8 894
14 1338
14 1276
7 734
3 281
6 555
11 1061
14 1259
14 1478
14 1338
13 1330
11 1231
13 1219
5 480
13 1429
5 543
11 1136
9 1078
14 1505
14 1291
10 1151
4 405
12 1228
11 1131
12 1124
12 982
7 685
14 1349
10 971
11 1124
4 372
9 772
9 881
10 933
13 1227
6 592
10 893
9 900
6 609
10 1131
15 1338
8 735
10 947
2 210
10 1070
9 1012
8 926
7 732
11 1089
7 512
8 829
7 718
8 905
6 543
10 1043
12 1217
13 1046
6 718
17 1801
10 916
6 668
9 901
10 898
7 542
12 1250
9 894
9 1111
14 1562
16 1591
6 616
10 911
13 1178
16 1716
16 1344
9 992
11 863
6 657
6 526
9 968
15 1323
16 2003
9 943
12 1312
13 1364
12 1298
11 1019
10 1104
8 654
5 537
11 1127
13 1105
11 1262
15 1317
11 1034
11 1230
10 1237
14 1477
10 894
14 1314
7 670
12 1013
7 567
7 708
10 900
10 1161
12 1305
5 558
8 745
12 1229
10 1164
12 1217
12 1212
5 445
12 1377
17 1292
17 2072
6 654
3 321
10 868
7 683
7 690
11 1266
15 1493
8 909
7 742
12 1280
12 1243
6 652
12 1348
10 919
13 1184
16 1624
10 697
11 1093
13 1265
7 749
12 1263
10 983
11 1196
13 1179
7 793
9 807
13 1182
11 1116
6 689
14 1267
12 1145
11 1114
10 1085
12 1099
6 622
12 1172
9 960
10 1029
6 530
11 1226
18 1547
14 1504
7 675
5 532
10 1130
6 543
17 1751
9 809
13 1128
5 427
10 1055
8 650
5 467
8 708
13 1413
9 867
5 412
7 734
8 619
13 1197
13 1155
5 528
10 940
9 798
9 1003
4 463
15 1394
7 645
6 623
10 872
8 822
6 647
9 880
17 1502
8 871
6 642
10 1105
10 1023
9 839
14 1625
8 727
11 1210
5 610
8 817
16 1858
8 725
10 1229
12 1252
12 1086
15 1581
18 1888
6 591
10 1004
10 786
5 442
14 1284
9 915
13 1095
10 946
14 1553
8 776
8 784
10 933
8 820
9 937
12 1387
8 808
10 1057
5 473
8 775
7 829
11 999
8 800
16 1603
11 1204
6 572
10 876
10 1065
8 672
10 896
14 1347
11 1214
7 778
7 591
8 871
10 987
15 1481
10 962
4 399
12 1323
13 1213
10 1037
7 813
11 1199
11 1175
8 754
11 1162
12 1385
10 842
13 1331
8 672
21 1901
6 578
12 1185
7 644
9 918
13 1273
11 1145
12 1246
10 982
11 1047
13 1168
9 1024
7 665
10 1052
8 802
11 912
4 432
12 1292
9 469
14 1298
15 1152
14 1321
11 1207
12 1019
11 1142
10 998
6 725
11 1240
11 737
12 1030
7 679
9 923
4 344
6 706
13 1348
8 855
11 1177
6 605
9 820
17 1707
11 969
8 795
10 838
10 979
14 1572
11 1074
10 847
8 847
9 749
8 851
11 1129
5 508
11 1083
13 1356
12 1053
12 1107
9 973
10 1278
13 1468
9 979
12 1250
7 735
9 985
6 590
16 1614
14 1490
10 955
7 650
11 983
4 348
14 1424
17 1713
10 829
8 888
9 887
5 488
9 893
6 643
8 869
7 705
10 1002
5 531
10 1183
3 342
10 1006
10 1008
18 1858
6 644
7 761
12 1269
8 771
11 1030
7 784
12 1212
14 1516
12 1121
7 714
8 899
4 419
15 1620
14 1237
11 1169
9 869
8 892
11 1273
11 991
6 667
12 1362
10 1062
6 543
6 605
12 1072
5 496
12 1177
15 1451
9 1071
9 1007
8 901
6 551
12 1160
6 493
10 1014
19 1900
11 1203
12 1341
16 1707
11 1165
11 1010
6 670
10 971
7 638
8 825
8 816
8 844
9 915
14 1351
7 629
16 1736
12 1151
6 568
6 530
11 1096
9 929
12 954
7 669
8 915
9 950
8 733
13 1199
12 833
8 1003
13 1208
8 834
11 1054
9 829
5 427
12 1383
9 686
9 686
10 949
6 569
12 1231
10 987
10 946
9 929
6 619
5 544
10 993
12 1242
10 937
9 861
8 614
5 463
10 946
13 1325
7 737
11 1193
9 785
9 829
9 1014
8 776
14 1425
9 790
9 955
6 574
8 843
10 1086
8 833
6 579
12 1219
10 1012
8 786
8 878
6 621
10 869
9 895
14 1214
14 1428
8 788
10 1078
17 1402
10 1086
12 1126
11 931
8 809
13 1185
7 706
6 537
10 762
12 1236
6 621
14 1190
11 1068
8 900
11 1029
18 2018
12 1179
5 480
7 712
12 1366
9 914
9 937
11 1203
9 1060
9 883
10 1063
9 963
7 740
9 877
8 844
17 1657
8 829
10 897
3 240
9 887
8 726
6 620
15 1557
16 1601
15 1622
9 874
9 1029
15 1551
5 449
13 1353
12 1242
12 1055
9 999
14 1607
6 669
10 1035
8 858
11 1110
10 851
9 1067
11 1062
14 1517
13 1483
10 892
14 1253
11 1099
10 1042
11 1121
7 650
9 950
7 653
11 1180
15 1494
5 573
10 825
5 491
5 492
12 1226
16 1331
5 505
15 1496
11 967
15 1518
10 1026
12 1088
8 870
13 1198
11 1061
3 349
16 1447
7 590
7 595
13 1343
7 772
9 978
14 1511
19 2152
11 1179
6 492
12 1295
10 929
6 721
14 1406
11 1120
18 1682
8 817
7 796
5 436
8 789
6 577
9 910
9 749
14 1612
13 1491
10 914
11 1189
12 1214
12 1098
8 775
11 1144
12 1316
7 651
15 1511
10 975
10 1116
7 722
4 338
13 1197
10 1002
13 1144
8 857
9 824
13 1213
13 1228
6 527
11 1226
11 1177
6 640
10 1059
9 957
9 817
12 1202
9 931
10 908
8 743
8 787
9 818
8 781
2 222
8 865
9 824
13 1306
8 850
13 1081
13 1345
10 1120
4 328
9 941
8 770
9 990
12 1202
8 812
13 1264
12 1129
5 586
7 709
17 1519
7 669
9 1015
8 821
10 888
10 1099
13 927
15 1475
10 1002
18 1699
13 1409
8 849
11 1238
8 779
11 1228
12 1115
2 231
5 418
9 992
11 940
11 1139
9 876
13 1422
5 475
14 1553
6 633
20 1832
17 1437
9 830
10 1017
12 1123
7 739
12 1358
9 946
16 1898
8 972
12 1180
10 1043
9 1006
9 931
14 1550
12 998
9 769
8 805
7 685
12 1295
5 508
11 1025
11 1217
10 1071
10 1022
5 642
9 874
15 1379
5 514
13 1264
15 1465
5 445
5 517
8 872
9 1005
12 953
7 719
4 468
11 951
14 1407
6 596
11 1089
7 689
8 738
8 867
13 1249
10 995
14 1549
8 902
12 1222
12 1167
14 1334
8 844
9 949
10 993
6 687
6 554
10 1075
12 1296
11 1109
6 597
11 905
10 916
6 585
10 1072
8 865
10 1005
8 898
4 366
9 1042
15 1157
12 1128
12 1252
6 497
13 1419
5 458
6 598
8 719
7 647
10 965
10 1119
9 991
9 751
7 751
9 853
5 608
6 616
7 684
12 1397
10 951
5 560
14 1474
14 1799
8 849
13 1437
6 614
7 694
10 1092
5 439
5 514
7 524
8 843
12 1347
18 1903
15 1326
11 1258
9 900
14 1346
12 1096
14 1289
11 1155
10 1112
9 834
8 722
6 685
12 1195
12 1292
17 1787
17 1479
6 644
11 1146
11 1238
13 1436
12 1093
14 1485
8 797
9 898
13 1271
10 1048
7 707
10 868
15 1442
14 1173
8 895
12 1199
14 1362
9 861
15 1660
17 1669
10 1175
6 604
6 649
5 570
6 618
8 796
10 1205
9 918
11 1127
13 1207
6 611
10 909
5 533
11 1096
13 1311
9 803
5 592
12 1245
12 1121
12 1234
13 1273
15 1643
13 1429
13 1213
8 663
11 1027
17 1812
18 1301
18 1911
11 1072
11 1035
8 818
5 481
12 1128
10 880
11 1131
8 654
5 489
16 1523
14 1249
10 1245
12 1108
7 683
14 1263
11 1150
7 621
12 1064
9 929
7 708
11 1164
11 1115
15 1583
9 825
9 946
11 1005
9 888
10 1045
10 1084
16 1360
11 1149
10 1080
11 1061
9 831
12 1283
13 1242
11 1193
16 1591
13 1335
10 970
13 1390
11 1066
6 708
16 1509
10 913
10 1102
10 1072
7 696
16 1652
10 964
6 563
5 510
8 899
15 1392
13 1223
9 845
12 909
12 1221
11 1064
8 584
8 771
12 1136
15 1997
12 1418
14 1631
5 430
10 1084
16 1660
15 1663
6 721
8 914
13 1210
12 1364
13 1266
8 798
7 714
11 1161
15 1527
12 1396
6 518
4 390
5 556
10 1043
12 1007
8 772
16 1573
13 1310
13 1243
7 704
22 2140
10 926
6 566
11 905
12 1210
12 1112
12 1386
10 961
14 1584
5 472
6 568
9 954
9 925
8 843
12 1182
10 1025
11 899
8 940
10 646
14 1339
14 1220
10 884
10 998
8 693
6 646
16 1610
10 1061
11 1152
11 986
14 1564
8 882
7 680
10 907
15 1321
9 970
10 946
8 751
14 1704
8 698
15 1433
7 724
9 794
12 986
3 348
15 1526
16 1476
7 707
12 1277
8 779
10 812
11 1141
12 1122
9 944
12 1189
9 934
12 1152
8 716
5 572
9 925
6 626
11 1087
8 883
16 1809
8 720
12 1144
2 224
16 1819
18 2010
7 780
8 703
7 710
12 1206
12 1208
12 1470
9 835
14 1480
4 353
7 625
8 756
6 540
10 1011
7 703
6 554
10 1046
4 357
12 1055
9 1031
10 1018
10 1027
8 802
8 685
13 1271
9 903
12 1239
8 916
6 642
7 722
9 912
10 1169
8 932
10 1050
8 835
7 683
9 1016
7 811
11 1080
8 829
17 1865
10 1018
4 402
12 1286
7 668
11 991
3 335
15 1637
10 1016
11 954
5 423
12 1155
12 1079
10 1193
10 1097
8 895
9 968
8 926
9 708
16 1564
18 1596
14 1343
5 495
9 982
12 1123
11 1193
3 279
7 712
13 1273
7 660
9 1108
11 1037
9 788
3 338
14 1215
7 683
8 680
9 1071
8 836
10 1066
11 1000
11 1149
11 1163
6 540
12 1134
5 485
11 997
11 1063
11 1039
10 976
10 969
7 708
9 935
10 1064
14 1382
7 724
13 1318
5 544
7 696
15 1653
8 788
7 867
18 1651
14 1227
4 424
11 1234
8 875
10 1006
10 939
12 1260
9 780
7 772
6 604
15 1624
9 816
10 797
5 532
10 924
9 809
8 909
20 1942
14 1506
9 855
10 967
13 1322
6 735
13 1261
13 1511
14 1263
8 762
9 907
19 1779
15 1620
6 569
5 405
10 924
13 1342
19 1987
16 1744
11 1153
12 1322
7 627
12 960
13 1237
14 1421
9 922
11 1193
6 596
15 1213
12 1320
11 1144
7 695
9 1051
11 1048
10 912
11 1210
11 1159
7 766
8 634
7 697
6 655
12 1097
7 696
12 1201
10 1086
11 1102
10 969
14 1529
9 879
9 857
16 1614
5 510
10 818
8 718
10 995
8 690
8 891
8 706
15 1488
5 454
13 1284
4 439
12 1184
9 928
9 824
8 853
12 1218
9 879
9 968
9 951
10 1132
13 1365
8 664
8 803
7 779
12 1158
3 333
6 568
5 585
13 1304
7 581
10 925
8 889
8 785
9 763
11 1013
7 606
17 1788
12 1098
7 713
7 607
18 1733
7 636
12 1157
7 730
8 804
5 519
15 1534
5 430
13 1384
13 1345
13 1328
15 1636
9 869
10 1207
8 807
14 1575
19 1983
9 921
12 1475
6 570
8 820
14 1228
15 1502
13 1058
7 636
7 669
7 696
9 921
7 767
12 1148
16 1730
13 1164
6 645
15 1368
12 1139
9 809
10 1039
10 931
10 969
7 641
14 1489
16 1416
6 707
8 815
10 1204
12 1405
10 888
10 1047
18 1394
11 950
11 1275
8 825
7 695
11 1135
8 770
14 1119
12 1350
13 1539
16 1572
14 1337
14 1216
18 1726
10 1109
13 1266
12 1141
8 736
9 1029
11 1006
6 592
15 1163
8 794
11 974
11 1218
7 570
8 855
12 1254
9 861
9 801
7 811
10 1100
8 849
6 645
11 1160
6 521
11 1072
13 1142
9 839
9 776
5 545
8 801
7 598
15 1461
8 698
7 647
6 579
7 615
8 722
5 419
8 815
11 968
10 988
7 766
4 434
9 739
13 1269
15 1686
10 1074
10 1055
13 1314
13 1238
13 1266
8 795
11 1095
15 1254
5 571
7 632
9 757
7 667
5 560
11 1173
8 780
9 854
9 813
10 1056
12 1202
8 759
13 1355
8 806
7 648
8 828
13 1281
12 1193
12 1318
6 587
8 798
11 1097
14 1345
7 652
14 1426
7 723
16 1375
9 1067
10 1038
5 455
10 945
8 830
11 816
10 1118
7 636
8 836
7 660
10 931
9 886
12 1237
6 594
14 1305
10 1067
8 681
6 670
6 610
16 1603
10 1185
8 764
13 1300
11 1034
6 615
5 569
12 1351
10 1029
14 1597
11 894
13 1278
16 1648
10 886
9 787
16 1373
10 936
10 1183
10 992
11 1104
12 1151
12 1272
12 1140
13 1246
12 1269
12 1070
10 956
9 876
5 511
6 629
9 835
12 1202
16 1631
6 620
9 991
6 575
12 1198
6 562
11 1153
9 768
12 1149
8 762
15 1447
8 630
8 863
10 995
8 771
10 1086
11 1001
7 717
11 1184
12 1291
8 789
8 746
14 1585
8 809
10 991
12 1386
9 846
18 1822
10 1014
7 668
8 906
12 1354
10 1157
10 1093
5 465
5 493
9 795
8 761
10 855
13 1017
12 1080
3 329
10 972
7 690
10 1103
10 933
11 1181
10 931
9 977
10 964
8 759
11 1117
10 934
8 763
12 734
12 1117
7 836
12 1232
9 780
8 743
8 764
15 1587
11 952
16 1547
9 777
6 543
16 1383
12 1085
5 537
10 954
4 437
8 780
6 614
8 858
13 1491
13 1222
13 1524
9 931
4 367
7 708
13 1387
7 726
8 819
9 945
6 448
5 488
6 636
11 1302
10 884
10 884
11 1066
6 634
9 984
9 977
14 1533
7 654
22 2169
8 762
14 1221
6 591
15 1403
13 1114
5 585
13 1166
9 918
18 2053
9 909
6 618
17 1461
10 996
9 966
13 1283
4 445
5 564
3 299
6 582
12 1272
11 1073
10 1105
9 858
12 950
9 896
12 1226
11 1202
12 1087
10 630
8 847
13 1053
11 1142
12 1114
3 305
8 705
5 433
13 1299
9 1098
6 627
7 630
10 1018
7 707
13 1227
7 657
13 1440
10 976
13 1232
12 1486
12 1175
12 1131
10 964
17 1684
9 962
8 800
8 785
10 1189
14 1408
6 703
13 1246
13 1054
11 1143
10 930
12 998
8 768
8 900
17 1781
8 801
10 808
10 1109
13 1219
5 472
12 1207
8 815
11 1046
12 1382
11 1024
11 1161
7 660
12 1204
9 812
11 1154
15 1458
11 912
10 1132
16 1663
10 1095
16 1494
6 641
11 948
10 1152
7 835
8 767
10 883
10 779
17 1433
7 748
8 899
13 1163
7 666
4 425
9 807
8 781
13 1262
12 1042
14 1413
6 700
9 1034
13 1257
13 1421
12 1133
7 757
9 1051
8 922
9 1053
13 1355
15 1600
7 665
15 1459
12 1165
12 1200
9 938
14 1123
6 622
9 730
13 1061
8 700
10 1172
10 1063
13 1350
12 1327
11 1172
6 642
4 383
13 1116
6 612
9 936
10 964
10 952
9 1015
8 901
6 629
13 1310
9 681
8 756
11 1185
9 1024
7 631
13 1303
11 1049
6 501
9 993
9 978
8 735
13 1426
12 1142
16 1524
17 1321
9 725
12 919
8 823
14 1167
8 849
14 1476
7 693
4 411
8 766
12 1144
10 976
16 1649
15 1577
9 798
8 886
6 510
11 1090
14 1194
17 1685
6 505
6 618
8 844
13 1308
12 1285
6 706
14 1152
12 1149
11 1144
18 1798
7 710
10 953
8 701
9 951
9 864
9 753
15 1596
12 1426
14 1168
6 647
15 1515
9 919
4 412
10 977
7 681
4 463
8 835
10 980
5 500
7 667
7 714
11 939
13 1325
12 1124
11 1181
17 1718
10 1104
6 521
10 1138
14 1329
7 812
8 843
14 1459
14 1347
3 271
12 1256
7 723
10 939
13 1500
5 459
1 101
8 824
11 932
14 1464
6 579
8 913
7 681
11 1159
14 1311
12 1309
11 1149
11 1142
12 1006
9 947
12 1145
9 814
7 738
4 404
12 1357
8 724
7 716
16 1855
11 996
7 665
6 571
12 1020
9 950
9 755
13 1058
6 623
10 1003
10 1079
13 1198
6 558
11 1174
17 1974
9 1048
12 1160
10 860
8 849
17 1869
5 502
9 743
10 1074
13 1259
7 765
7 662
9 832
5 559
17 1698
10 1091
12 1491
9 954
8 702
8 901
6 627
10 860
11 960
6 623
7 689
6 590
13 1398
7 731
15 1357
9 728
10 1034
9 869
7 548
9 861
8 881
11 1032
10 1047
8 755
11 1148
9 790
14 1535
12 1362
8 744
12 1064
7 610
8 756
5 472
12 1090
11 1180
16 1586
13 1441
6 496
12 1208
9 879
10 973
9 1028
10 1103
10 1007
15 1245
8 815
17 1452
9 708
2 167
11 1150
5 453
9 1006
8 912
9 997
9 997
5 515
11 1121
11 1095
7 705
7 766
9 1063
9 955
9 976
6 694
9 1054
13 1287
13 1293
10 1083
4 403
6 637
8 778
10 1092
11 1005
8 738
13 1321
7 697
8 774
7 703
11 1101
10 908
9 905
13 1403
4 365
6 641
13 1013
12 1456
11 866
11 1208
15 1594
20 1846
11 1160
9 887
9 822
12 995
10 996
7 741
4 434
6 658
13 1209
17 1626
16 1356
13 1335
15 1440
7 777
8 759
14 1238
9 835
13 1094
7 638
12 1212
7 704
13 1177
6 650
11 1215
10 985
9 901
9 985
10 949
4 379
9 882
13 1282
10 1026
10 1031
12 1163
8 897
9 891
12 1233
8 794
4 441
6 687
11 842
11 974
17 1385
9 881
8 859
7 629
8 856
5 446
12 1030
7 694
10 1047
11 1105
6 592
7 673
15 1283
10 1000
11 1180
12 1314
14 1324
10 1038
6 527
9 916
7 625
7 622
8 693
5 516
15 1363
5 471
5 495
10 1243
11 951
16 1564
14 1373
8 616
13 1086
8 827
9 825
10 923
9 957
15 1329
10 922
7 697
5 597
8 698
15 1770
10 1053
5 571
6 589
8 822
8 856
18 1542
11 1132
9 955
12 1323
8 752
11 1173
10 1040
12 1200
9 936
5 512
10 1110
6 642
11 1130
11 1179
14 1328
12 1299
6 473
12 1108
11 1121
8 626
9 720
8 782
13 1211
12 1323
12 1278
11 983
8 682
11 1136
14 1515
15 1603
7 716
8 828
15 1636
6 600
15 1593
13 1109
11 983
9 900
10 1069
10 820
11 889
11 994
14 1393
11 1197
13 1376
11 1085
12 1130
9 1057
4 409
12 1190
7 805
7 571
5 492
18 1400
8 795
8 817
4 342
9 810
10 915
12 1342
13 1070
10 861
13 1212
15 1764
7 743
4 371
8 773
9 963
12 846
5 468
9 732
17 1834
9 788
8 859
12 1257
6 697
12 1089
11 939
13 1311
11 1057
15 1304
10 1125
9 964
14 1500
8 692
11 958
12 1253
9 853
9 934
7 635
6 595
13 1188
10 1132
9 876
7 690
10 943
11 910
6 691
9 968
11 1137
10 1045
10 1070
11 1223
14 1454
9 774
7 699
11 1155
10 942
7 606
10 1064
9 951
11 1091
12 1258
13 1363
9 846
9 943
8 917
8 816
13 1414
5 485
7 639
16 1629
10 1145
9 942
8 750
9 876
11 1057
4 377
10 1086
12 1304
12 1258
12 1305
13 1217
11 1195
8 906
12 1099
14 1638
8 666
19 1955
9 919
6 625
12 1184
8 733
11 1155
13 1405
6 544
13 1234
13 1344
13 1519
10 904
10 903
8 750
9 834
15 1186
11 1030
7 748
15 1229
11 967
9 842
19 2102
8 714
8 891
14 1474
19 1974
15 1248
14 1342
6 651
4 445
12 1291
9 956
12 1219
14 1538
9 889
9 937
9 807
9 833
9 751
11 1077
15 1455
16 1494
6 606
5 418
13 1519
12 1191
6 635
11 1170
6 581
13 1251
9 816
13 1312
6 622
10 926
12 1237
4 371
8 747
10 984
10 975
12 1259
6 619
7 682
7 683
9 887
11 1304
9 804
13 1587
7 716
16 1571
11 1156
10 869
8 749
6 556
10 1082
11 1001
10 1071
10 1077
9 835
9 893
4 381
9 1014
14 1300
6 551
15 1490
6 591
12 1219
4 408
10 965
12 1171
19 1996
7 738
11 1162
12 900
6 730
11 1082
10 1065
10 788
12 1127
10 1109
4 399
13 1323
7 608
4 350
11 1335
10 857
13 1462
13 1261
10 1043
7 737
13 1245
12 1362
8 990
11 1084
16 1801
16 1564
5 487
8 803
16 1577
12 1193
11 1071
10 1003
12 1326
10 1053
11 1087
6 562
12 1320
11 1153
5 468
9 894
7 819
8 837
10 943
13 1340
10 1013
11 1102
14 1644
9 888
9 1062
5 490
9 1033
12 1347
7 834
10 1198
12 1185
14 1402
8 766
10 1037
13 1254
7 660
11 1086
15 1362
12 1172
10 942
7 666
3 267
13 1286
12 1301
7 681
15 1231
6 565
14 1479
10 1107
6 609
8 759
8 765
11 1236
12 1241
10 871
13 1389
12 1086
10 1081
6 633
10 1005
8 734
13 1398
12 1217
12 1223
7 858
11 1022
10 1126
8 753
10 1105
11 1228
7 754
13 1137
8 778
6 545
11 1115
9 821
9 817
5 475
14 1547
9 787
9 806
12 1270
9 960
10 1055
13 1460
9 923
11 1118
16 1460
9 853
8 808
8 727
14 1318
6 554
10 958
8 783
5 467
14 1764
8 774
14 1477
7 581
14 1126
7 713
12 1091
11 1218
11 1089
9 887
10 1176
9 943
12 1265
10 909
19 2117
10 782
6 567
10 981
8 907
8 910
13 1325
17 1815
7 733
11 858
9 904
8 887
7 709
7 655
10 983
5 544
7 819
10 942
6 635
7 734
9 680
15 1431
12 1345
10 963
10 965
11 971
9 1113
10 841
8 793
12 1192
12 1233
10 831
5 416
16 1583
13 1253
10 957
11 1096
7 753
11 1062
12 1272
10 910
11 975
8 617
13 1476
7 711
13 1241
8 846
10 945
12 1087
10 1115
11 1048
11 1104
13 1440
9 782
6 524
14 1199
8 830
9 898
10 829
18 1785
17 2073
10 937
13 1244
12 1320
11 890
9 782
10 1017
9 860
8 879
10 1111
8 847
9 948
6 480
18 1784
8 808
10 948
9 989
10 944
11 1133
8 635
13 1244
6 624
14 1663
11 1261
5 418
12 1158
8 709
16 1575
12 1199
6 546
9 837
12 1190
13 1481
13 1571
9 914
15 1425
9 806
17 1590
8 679
17 1636
7 764
9 782
11 1337
4 421
5 435
11 1188
12 1221
11 954
6 645
10 975
6 662
10 1037
9 1083
10 1100
9 885
12 1069
10 1078
9 960
11 1107
10 1021
8 870
7 809
14 1134
8 854
17 1529
10 984
12 1217
2 194
12 1246
12 1105
9 892
9 956
14 1338
14 1416
10 948
8 737
12 1380
12 1254
9 938
6 555
14 1475
10 963
18 1696
8 745
14 1300
7 639
15 1661
10 904
16 1722
9 837
14 1510
10 1018
5 525
12 1397
9 835
11 1138
16 1707
13 1268
10 802
7 566
13 1361
11 1005
8 780
9 729
10 902
6 496
4 351
5 453
12 1248
14 1335
3 285
9 820
9 1100
8 856
8 798
8 702
11 1231
12 1227
13 1202
18 1746
10 973
10 1124
10 979
14 1291
7 644
5 512
9 836
12 1364
9 896
4 502
10 1053
11 920
9 899
7 830
8 708
8 822
11 1034
3 314
4 328
10 919
8 773
16 1713
9 857
8 890
11 1135
12 1187
11 981
6 651
9 963
10 902
14 1035
12 1110
9 900
5 479
14 1492
17 1789
16 1433
7 687
12 1193
14 1284
9 876
9 907
8 614
9 944
8 630
5 546
13 1258
9 864
7 745
17 2207
13 1172
9 841
13 1419
9 825
10 808
10 785
8 830
12 1339
13 1309
13 1299
10 932
5 469
10 1109
9 876
11 1074
9 965
12 1230
11 1123
9 831
13 1338
5 613
10 953
11 971
7 807
15 1493
6 590
9 885
9 1057
10 1091
3 305
10 1026
16 1573
7 710
2 240
5 452
14 1376
5 412
15 1535
10 1165
14 1349
6 552
11 1138
15 1664
6 616
8 771
15 1899
10 1080
15 1648
10 906
7 676
8 787
11 1248
9 973
11 1155
8 869
11 1302
6 658
6 488
10 865
9 931
10 1059
18 1897
8 816
12 1285
9 741
2 201
10 1024
4 354
11 1065
9 1093
9 1035
10 1114
8 714
8 757
9 915
7 753
12 1316
3 302
14 1425
6 730
14 1579
3 276
7 755
17 1881
12 1199
10 846
7 639
9 760
10 1050
4 431
8 796
4 348
11 1239
8 791
12 1223
13 1330
9 768
7 674
9 939
11 1121
11 1128
13 1219
10 1025
11 1086
14 1213
12 1091
11 1200
10 956
10 929
16 1404
11 999
8 807
11 999
10 942
9 881
11 1068
13 1383
14 1455
15 1443
9 1011
8 715
9 762
12 1090
13 938
6 590
11 1098
9 855
8 689
10 985
10 1034
5 494
16 1482
10 906
17 1726
8 771
9 807
9 840
11 1120
10 993
10 1153
5 427
12 1236
7 736
12 985
11 1037
6 607
9 842
5 446
10 814
14 1356
7 804
10 940
10 852
8 750
7 694
8 803
12 1391
14 1606
11 1159
9 767
11 1126
12 1131
17 1406
12 1050
12 1324
14 1628
5 374
16 1313
7 752
5 541
12 1260
15 1373
10 1004
16 1446
5 408
10 1007
14 1396
8 762
6 559
8 788
9 889
13 1468
5 444
10 990
10 938
6 624
9 720
12 1077
8 686
12 1278
10 1000
12 1302
11 1264
9 1024
11 1048
7 714
7 732
9 864
11 1104
13 1530
10 875
14 1501
12 1247
11 1021
10 971
14 1359
7 705
15 1663
14 1433
6 625
11 914
17 1779
8 759
12 1206
11 1279
8 826
11 962
13 1215
11 1059
14 1395
9 901
9 864
15 1607
6 650
7 721
9 836
12 1227
12 1327
7 668
12 1014
13 1326
9 976
9 907
12 1306
5 479
12 1229
10 1061
9 740
11 918
13 1352
11 1099
7 740
11 1001
10 922
8 798
8 827
8 880
6 556
15 1235
12 1269
10 977
9 1012
12 1100
7 760
10 844
8 849
14 1687
18 1892
14 1354
13 1228
11 1066
6 584
13 1376
9 1060
14 1206
7 787
8 829
11 1173
12 1221
8 706
11 1099
12 1230
16 1415
11 1056
9 834
15 1586
12 1152
10 1028
11 1316
9 929
5 569
9 839
12 1183
9 898
16 1947
14 1652
10 1170
8 810
8 740
10 1139
7 717
7 747
10 1061
12 1275
14 1326
11 916
10 933
11 1264
9 780
10 1024
12 1261
9 918
7 618
14 1129
11 1177
6 633
6 539
18 1519
12 1015
11 1194
12 1233
15 1419
10 1150
9 826
9 877
8 825
7 752
9 835
11 1040
5 583
8 811
13 1247
7 642
10 867
11 946
8 599
9 953
9 972
6 671
10 807
12 1132
10 977
11 1289
11 1091
12 1087
13 1231
9 878
11 1168
11 1056
9 969
7 600
11 1022
7 735
12 1232
5 536
6 598
6 566
4 343
14 1473
12 1262
7 698
9 982
10 1120
10 1058
8 679
12 1142
11 1319
8 806
7 702
9 863
12 1429
8 655
10 925
8 806
13 1395
8 918
8 722
7 568
10 982
10 1031
12 1163
10 883
3 349
7 571
10 1006
8 801
18 1840
14 1195
8 883
13 1195
6 585
8 819
10 1052
11 1098
8 870
8 746
11 1115
9 900
8 772
10 1133
7 779
5 487
5 524
10 1032
5 506
9 833
9 848
9 987
13 1122
9 974
13 964
10 996
12 1206
9 1022
3 337
10 1019
10 1046
14 1506
7 711
7 612
11 1090
5 484
10 927
11 1149
5 483
8 778
14 1582
9 980
10 926
8 920
4 403
10 1030
12 1162
5 459
6 634
4 409
11 1044
10 972
9 813
10 1075
16 1749
9 1004
11 1119
4 430
3 238
13 1346
10 906
10 833
12 1369
13 1136
10 923
7 696
9 873
14 1423
8 754
13 1383
11 919
14 1392
10 1027
10 962
11 1059
8 733
11 1147
11 1118
7 654
8 599
9 938
7 664
11 889
11 1062
17 1651
14 964
4 386
10 921
7 828
11 1146
10 909
7 638
2 186
8 856
11 1052
19 2178
14 1585
13 1235
9 848
11 1105
9 963
7 605
17 1458
8 818
10 1024
7 763
9 811
13 1480
10 833
12 865
12 1401
14 1254
7 752
8 820
9 982
11 1210
7 606
6 699
8 765
11 1011
5 457
5 537
9 773
7 684
13 1054
13 1156
11 948
12 1237
7 614
10 1092
8 901
8 809
4 447
15 1488
8 777
8 906
8 698
8 763
12 1283
12 1326
9 888
8 843
7 775
12 1105
5 535
7 777
15 1499
14 1437
10 1029
13 1217
10 803
5 569
4 363
13 1223
15 1493
12 926
5 551
6 498
8 755
14 1555
11 1166
15 1522
9 1002
9 865
14 1519
9 1020
12 1216
8 1000
12 951
12 1065
13 1228
8 859
12 1204
11 1135
14 1294
13 1416
9 848
6 672
8 861
12 1163
15 1476
12 1150
14 1304
9 930
13 1352
9 882
10 857
7 638
10 1109
14 1375
9 1011
9 897
6 629
5 561
7 638
7 580
9 928
15 1466
10 1003
9 969
6 612
6 584
15 1560
7 704
14 1520
10 1135
13 1367
5 565
4 371
11 1006
13 1539
9 817
14 1039
11 1112
15 1618
14 1370
10 927
5 450
6 574
10 939
14 1355
6 572
12 1203
13 1462
6 611
5 518
5 407
10 888
9 1033
3 271
11 1374
12 1093
9 882
5 423
8 820
13 1372
9 866
10 856
6 699
9 861
13 1291
15 1628
5 578
8 949
9 913
8 834
15 1371
11 1057
10 1109
7 770
9 871
3 304
11 1152
5 500
7 614
13 1238
10 871
14 1151
20 1735
14 1264
9 960
12 1261
12 1123
10 1079
16 1999
12 1257
11 931
13 993
8 743
7 688
6 600
5 427
13 1631
16 1515
9 825
8 848
7 602
9 965
9 839
12 1358
7 898
13 1372
7 702
13 1175
9 830
10 1059
4 303
10 961
7 660
9 896
14 1458
10 1140
4 455
16 1464
9 902
11 957
10 961
10 986
8 758
10 905
10 872
9 809
8 976
9 837
13 1204
13 1396
12 1308
9 832
9 986
11 1018
6 674
8 734
14 1353
10 843
12 1011
11 1282
7 672
4 414
7 664
11 1193
9 1069
10 1008
10 1216
11 1240
14 1334
13 1202
14 1442
15 1603
10 955
9 724
14 1221
13 1164
12 1208
12 1060
11 1166
8 793
7 808
14 1263
9 901
8 769
4 377
11 1256
7 726
13 1155
17 1554
8 879
11 1070
7 634
11 1140
16 1786
7 581
7 638
16 1816
13 1358
8 827
7 791
9 968
13 1365
15 1470
10 943
16 1580
5 531
7 688
10 1057
8 746
11 748
9 1071
8 820
11 1204
12 1101
8 955
5 491
7 703
17 1569
13 1283
17 1716
11 1122
9 895
7 791
5 585
10 981
13 1125
8 757
6 688
9 854
14 1160
12 1288
6 645
9 991
9 992
10 927
17 1571
12 1162
11 1163
11 979
13 1430
8 809
13 1246
14 1319
8 811
8 875
14 1432
8 913
9 964
10 1012
9 922
7 677
16 1463
9 853
11 1109
7 728
11 963
14 1445
10 911
17 1525
8 862
12 1019
5 541
12 1228
11 956
8 762
7 663
13 1099
11 948
14 1495
8 845
11 1068
11 848
5 539
8 702
5 556
8 852
12 1149
13 1188
8 914
12 1117
6 584
11 1118
5 570
13 1278
7 672
14 1464
6 635
10 1018
6 705
15 1487
15 1121
8 860
8 868
8 707
11 932
15 1494
15 1426
10 1000
4 425
11 1060
13 1141
15 1439
12 1259
15 1343
6 570
16 2071
11 1057
12 1236
8 631
9 810
10 1156
18 1936
11 1103
20 1892
10 879
12 1027
10 878
4 416
11 930
12 1103
14 1317
15 1216
11 1030
13 1211
8 942
3 300
8 691
7 637
5 542
7 689
11 1061
8 762
9 883
12 1087
10 908
18 1643
16 1632
10 815
18 1660
14 1221
10 964
9 885
10 1035
14 1447
8 690
5 496
9 924
8 827
4 380
13 1274
5 568
7 743
14 1274
9 722
8 762
7 757
14 1372
12 1260
10 1003
8 900
12 1432
10 979
13 1486
10 1280
5 492
10 892
14 1598
4 385
15 1537
16 1696
14 1398
11 992
7 613
11 1099
8 730
10 1013
12 986
5 596
9 925
9 832
12 1175
12 1228
11 1123
12 1105
11 754
15 1524
8 927
8 895
9 952
5 450
11 1136
9 801
4 383
13 1390
9 829
11 840
3 298
5 524
5 457
11 1240
11 960
10 979
12 1294
8 879
9 995
13 1278
7 734
10 1135
7 554
7 632
10 1084
9 823
15 1407
7 597
9 875
7 570
4 381
10 847
7 677
13 1236
15 1800
15 1571
19 2016
11 1052
8 713
9 822
8 777
12 1192
9 994
8 813
11 1271
7 725
6 580
10 968
8 687
11 998
11 1138
9 1124
7 671
10 1020
12 1403
8 737
7 577
5 499
7 761
14 1497
11 1129
10 1034
9 970
11 734
9 792
5 511
14 1378
12 1288
10 1217
7 615
6 654
9 818
8 782
10 1123
12 1157
12 953
8 824
10 1164
5 475
11 1097
11 1164
11 1030
18 1877
13 1362
10 1108
13 1461
11 939
12 1254
9 704
14 1274
7 657
9 866
4 377
14 1229
10 800
4 309
15 1370
9 867
13 1368
8 651
8 841
15 1437
5 519
9 822
12 1220
10 1173
9 873
4 317
10 999
11 1102
9 935
9 1088
15 1629
12 1258
14 1141
13 1317
14 1232
8 823
5 553
7 699
9 861
13 1070
10 1158
11 1246
8 820
13 1526
14 1649
9 951
13 1240
12 1158
10 921
12 1178
8 598
12 1022
11 1040
7 541
10 1027
8 877
13 1317
11 1274
5 539
16 1667
13 1297
9 730
8 737
9 940
9 990
14 1436
10 1021
9 881
15 1428
4 427
12 1061
7 650
4 426
10 737
9 986
12 1219
13 1033
8 793
7 589
9 936
9 940
7 778
4 414
11 1062
12 1325
16 1547
8 811
8 735
8 836
15 1480
11 946
7 712
7 717
9 1038
9 909
11 1076
9 912
8 868
10 854
11 1026
5 468
8 788
10 1038
9 1121
7 711
6 491
10 1078
9 916
8 828
9 936
8 825
10 1115
7 739
15 1410
8 802
9 958
10 1043
10 1054
10 1096
9 909
9 1071
8 802
8 686
7 691
13 999
11 1179
13 1129
7 678
11 1221
12 1202
10 1042
16 1514
7 600
7 750
10 947
11 1352
11 1101
10 827
4 432
6 655
10 847
11 1159
8 602
9 832
8 727
9 768
8 877
8 833
15 1510
9 724
6 593
9 913
17 1549
11 1364
7 685
6 711
14 1421
12 1232
9 831
9 804
4 416
6 660
10 875
11 1352
6 654
8 771
8 670
8 611
11 1051
15 1511
6 496
6 588
10 1011
9 782
11 1223
4 382
11 1054
7 654
15 1611
14 1306
9 896
8 858
19 2099
11 954
14 1412
8 655
10 1105
9 857
7 698
14 1394
10 1019
7 843
18 1640
11 1155
8 771
6 643
13 1413
9 1017
3 219
10 1108
14 1267
11 1129
12 1240
9 985
12 1066
8 730
10 1018
6 526
5 489
11 886
6 568
15 1450
7 709
8 809
10 849
5 537
10 1010
11 1144
7 706
8 732
9 952
16 1464
4 402
10 1068
13 1282
12 1155
11 998
9 967
5 554
6 588
11 1132
11 1056
13 1268
16 1748
6 581
7 645
7 696
6 552
13 1200
11 1212
7 635
9 823
10 975
11 935
11 959
12 1236
9 919
12 1234
12 1267
6 677
15 1413
20 1808
9 945
16 1613
12 1079
7 708
5 487
13 1525
10 824
9 1086
11 993
10 997
11 1252
12 1127
17 1783
10 1038
10 1122
10 941
12 1056
8 788
9 849
9 892
7 786
6 661
16 1762
9 996
10 867
8 722
8 679
10 938
5 406
8 812
12 1068
3 255
10 1027
10 905
9 775
14 1522
5 395
8 904
11 1143
13 1417
8 689
6 613
7 702
8 889
14 1204
10 932
12 1269
13 1132
7 789
6 480
12 1258
8 815
10 1107
8 794
15 1631
11 1119
7 632
11 1144
12 1382
8 833
11 1080
9 1052
9 909
13 1316
7 636
4 379
6 575
9 942
7 651
10 992
10 1127
10 1190
12 1175
11 1230
12 1209
5 564
6 529
10 835
7 763
8 852
11 943
12 1314
8 861
13 1104
22 2193
11 1282
10 1154
11 1045
12 1017
10 1124
13 1241
9 925
6 496
14 1384
14 1457
10 1082
10 777
11 944
7 716
11 1018
9 847
11 929
15 1635
16 1592
13 1362
12 1064
9 871
4 432
7 722
8 854
5 562
7 501
8 765
8 752
9 970
5 476
13 1357
8 866
8 843
10 1204
12 927
12 1211
8 753
8 763
14 1687
7 633
9 909
8 887
14 1533
14 1394
17 1952
6 674
13 1333
7 705
10 1034
12 1323
10 795
11 1024
15 1684
14 1368
17 1533
12 1161
13 1351
14 1501
17 1592
8 863
10 1047
17 1931
9 988
11 771
11 1147
10 1044
5 508
7 752
11 1041
14 1561
6 539
6 708
10 1191
8 811
11 1231
11 1049
11 1096
13 1445
11 1130
6 510
9 882
11 1026
10 1027
9 914
10 909
11 1065
11 1088
6 577
3 314
10 1050
11 940
4 433
3 291
13 1262
4 352
13 1170
8 841
8 788
7 685
14 1345
11 1318
3 303
10 1157
6 618
20 1801
9 935
9 1029
13 1154
13 1392
6 586
6 667
7 758
9 951
13 1485
9 914
14 1229
10 1178
9 871
9 938
11 1075
12 1331
9 1046
10 1068
8 825
10 1011
10 819
11 1231
12 1257
9 895
12 1272
8 766
8 856
12 1233
9 935
11 800
11 1136
9 968
14 1467
14 1335
10 1124
15 1593
10 1036
4 411
9 919
5 491
6 662
9 758
11 1206
9 924
13 1348
7 734
16 1597
7 598
12 1231
9 662
11 1176
8 802
7 664
6 710
11 963
7 651
13 1413
13 1243
14 1437
6 597
8 812
13 1154
10 923
11 1159
12 1327
11 1223
9 916
12 1123
9 904
9 896
9 829
12 1150
11 1179
14 1454
9 968
9 835
11 1087
6 515
8 706
2 207
16 1759
12 1275
11 901
10 998
10 1000
5 493
13 1185
10 919
10 982
8 839
12 1048
8 793
9 940
12 1233
6 576
6 622
9 981
10 931
18 1762
6 699
11 812
8 811
18 1883
7 636
7 592
10 1160
8 946
13 1240
12 1376
12 1092
5 453
13 1166
9 1023
13 1502
12 1295
11 1146
11 888
10 995
7 706
6 590
3 352
11 965
12 1220
8 911
10 1053
8 839
5 415
15 1158
13 1459
18 1539
4 411
8 848
6 601
8 723
4 363
13 1351
12 1320
9 1030
11 1059
12 1207
5 445
10 934
10 1003
10 984
9 856
6 578
15 1367
14 1248
15 1653
8 888
9 845
14 1381
4 406
9 1006
9 925
9 883
15 1457
10 1127
12 1166
7 669
9 938
8 878
10 1082
9 893
4 364
17 1963
6 616
10 935
8 823
8 707
7 882
11 1130
11 1137
9 776
9 971
7 659
9 874
15 1575
14 1389
11 1193
6 499
11 1093
4 435
8 733
14 1322
9 951
7 838
17 1601
10 1046
14 1185
6 643
6 576
8 776
13 1171
10 1070
14 1508
9 719
8 847
10 939
10 979
19 1817
9 947
9 947
12 1177
8 853
11 1271
11 993
11 1246
5 467
9 951
8 800
14 1659
13 1245
13 1417
7 869
8 992
2 213
11 1110
6 741
9 932
11 1302
10 979
9 852
6 513
10 863
11 965
12 1272
9 1140
7 733
11 1306
8 848
7 771
9 800
9 791
12 1080
2 200
5 429
15 1445
6 581
8 902
15 1387
8 693
11 1178
14 1273
16 1333
13 955
6 688
10 1056
10 892
9 980
10 1220
15 1490
11 889
9 897
5 500
16 1313
6 585
11 1254
8 781
10 1094
9 961
7 669
14 1163
8 770
13 1212
15 1754
8 831
4 453
11 1300
9 844
10 1034
10 820
7 580
7 758
10 1088
11 1073
7 713
7 707
13 1450
12 1091
9 1033
7 713
14 1544
10 1020
10 1030
10 949
7 722
8 780
8 729
14 1584
14 1319
11 1142
5 486
8 850
11 1187
10 1172
7 676
11 1014
11 1143
5 549
7 718
15 1542
6 541
4 382
6 612
9 1147
6 559
7 701
6 606
8 842
8 725
11 1077
12 1141
12 1092
7 766
9 1131
10 1161
8 821
5 502
8 828
12 1068
12 1513
10 997
8 825
12 1240
8 787
7 615
13 1199
13 1433
9 968
11 958
9 962
6 618
13 1173
13 1027
12 1280
13 1354
16 1460
4 404
13 1402
10 903
18 1871
15 1485
11 1155
7 673
8 879
8 778
14 1608
7 778
16 1376
13 1622
14 1411
6 518
13 1370
15 1464
11 1314
9 955
8 881
14 1245
11 1144
11 1035
12 1077
6 615
9 950
12 1331
11 1023
18 1471
13 1053
11 1125
6 583
14 1551
12 1095
9 1052
13 1324
15 1104
14 1360
11 937
5 560
9 868
7 703
10 956
12 1309
9 1021
10 1062
11 1159
7 786
9 916
12 961
18 2241
10 999
12 1345
5 512
12 1154
10 1045
10 1044
21 1924
11 1004
7 694
6 569
16 1926
11 1114
14 1568
10 918
7 747
11 1150
11 1020
15 1391
9 886
8 737
8 790
11 1096
6 646
17 1747
7 580
10 1029
15 1131
7 673
9 905
7 629
9 797
13 1206
10 987
14 1511
9 1093
10 909
13 1242
10 1279
7 760
7 665
8 720
11 1050
8 711
10 1101
10 956
13 1433
16 1408
10 1063
8 745
6 495
11 1150
7 651
8 858
8 823
9 781
13 1181
8 789
12 1252
10 1225
12 1070
13 1236
12 1314
9 1022
13 1293
8 729
11 1326
14 1503
12 1374
10 1012
13 1219
8 851
14 1504
12 1347
13 1211
8 828
11 1223
9 911
10 1066
14 1573
13 1349
9 877
8 789
8 636
14 1346
11 1180
13 1276
8 771
11 1086
16 1749
8 798
12 1189
8 860
7 813
8 709
9 907
7 700
12 1413
8 844
8 766
3 310
17 1547
6 623
10 1116
11 989
11 1107
9 922
6 520
9 931
9 865
11 1033
13 1314
7 719
15 1363
14 1176
7 706
13 1236
10 892
11 1029
7 695
10 853
12 1381
7 776
11 1197
16 1683
15 1449
13 1214
8 733
14 1336
13 1371
11 1078
13 1490
15 1423
7 709
11 1164
6 715
11 943
6 630
11 1068
10 928
11 970
10 995
11 867
11 1114
10 952
10 847
10 1087
11 1112
10 1087
8 805
11 1166
9 969
10 1153
13 1187
13 1237
13 1145
12 1256
10 1099
10 944
7 759
11 1107
10 1184
6 557
7 725
7 891
8 785
6 625
13 1128
8 774
12 1202
14 1388
20 2049
12 1153
8 764
8 743
10 1120
3 299
10 956
13 1389
17 1406
8 782
8 828
16 1939
6 617
10 831
13 1083
12 1169
14 1365
11 1071
11 885
11 1032
10 1222
14 1550
11 1137
17 1964
8 761
13 1350
11 1085
11 1162
7 760
9 885
10 843
7 638
9 795
8 906
11 1113
24 2919
6 504
11 1213
13 1387
11 1210
6 630
11 1306
12 1169
10 823
7 720
10 1143
11 971
13 1234
8 726
6 635
14 1331
3 330
6 642
7 760
13 1428
7 674
10 943
13 1564
9 803
9 844
12 1341
10 1023
15 1536
17 1778
9 797
13 1059
6 591
6 520
8 812
6 567
13 1293
7 662
9 871
7 748
8 779
6 735
11 1157
8 808
9 962
9 1113
6 621
15 1544
10 1046
9 908
7 687
6 572
10 977
12 965
9 1102
6 626
8 885
8 708
11 1126
8 793
12 1170
6 577
7 608
13 1484
9 934
9 755
11 1026
10 854
8 734
15 1777
14 1637
8 781
13 1060
14 1565
6 646
10 1081
10 1067
9 959
9 900
11 1005
8 702
6 530
5 482
12 1146
10 825
5 492
11 946
11 1293
6 645
11 1023
13 1133
11 1313
6 659
10 789
8 689
6 525
9 1027
8 906
16 1582
10 932
11 1074
5 548
6 528
12 1310
8 616
9 974
15 1531
8 934
7 746
7 759
12 1189
10 961
13 1484
8 906
10 1249
7 629
8 741
11 1128
9 739
10 987
9 823
16 1983
8 829
11 1071
8 777
14 1561
8 743
8 720
8 857
8 843
8 850
9 896
10 969
11 994
7 779
8 718
12 1343
9 1078
9 810
7 786
13 1057
12 1145
10 964
8 967
7 642
8 925
9 975
10 1061
9 799
12 1180
15 1486
8 706
11 1192
9 938
9 891
11 1084
6 581
8 817
6 645
10 950
6 619
14 1263
14 1425
8 843
16 1569
8 842
9 1115
6 550
6 569
10 1031
10 1079
11 1144
8 846
7 770
13 1237
10 1045
8 721
11 1056
14 1271
4 400
6 704
10 1131
16 1731
11 969
7 886
7 617
6 522
9 782
9 745
13 1470
10 1017
9 862
4 373
13 1297
13 1252
6 594
7 741
10 1090
9 707
7 740
6 681
13 1250
7 637
14 1443
13 1537
10 1026
7 822
9 983
11 1097
9 838
9 949
7 670
9 824
9 1012
8 846
9 997
11 1050
14 1482
11 1117
9 931
4 465
12 1230
3 324
15 1099
11 1203
5 523
6 571
8 842
11 1145
9 993
14 1255
8 783
15 1757
12 1121
14 1518
12 1247
12 1347
10 875
5 470
14 1455
12 1121
12 1171
12 1261
7 785
13 1248
10 1072
13 1385
12 1348
13 1298
7 585
12 1311
17 1724
11 1008
9 908
9 986
9 883
14 1564
12 1277
9 838
9 955
13 1285
9 965
11 1006
7 658
5 520
14 1448
10 1039
6 684
20 2342
10 1007
10 972
9 914
8 664
15 1595
11 1149
6 573
10 1002
6 599
6 661
10 1095
3 328
9 995
6 689
9 993
7 663
11 1068
11 1083
9 762
10 973
9 883
13 1415
14 1460
11 1065
11 991
9 979
7 674
8 778
11 1092
8 816
13 1226
10 940
11 1092
8 935
8 722
14 1513
11 1178
14 1275
9 855
10 988
6 641
9 933
13 1167
13 1165
10 1038
12 1108
8 843
16 1572
10 914
11 1168
13 1118
9 884
10 971
8 779
6 599
10 861
12 1050
10 910
13 1466
7 803
13 1496
6 662
10 1082
9 865
16 1672
9 908
9 747
7 722
8 857
11 1304
6 538
14 1369
9 980
11 992
7 762
13 1347
10 1072
11 1176
16 1534
15 1457
8 871
12 1215
10 817
9 930
12 1268
16 1566
10 932
5 436
8 872
8 662
11 1193
7 822
8 881
14 1409
7 747
9 824
12 925
13 1308
17 1648
10 1029
14 1384
10 880
7 697
12 1352
9 980
11 1183
9 899
11 1019
14 1436
14 1484
9 910
9 935
10 1105
12 1072
8 787
1 96
12 1371
4 344
7 655
12 1199
7 564
9 926
12 1093
14 1611
11 984
9 877
13 1166
10 1159
8 730
15 1390
11 1196
12 1212
10 1074
9 1027
8 809
12 1133
10 991
5 510
10 872
11 1293
9 814
11 1255
10 750
13 1490
10 931
8 753
13 1194
4 403
13 1220
3 297
10 771
13 1452
9 875
8 756
11 1072
15 1481
9 984
15 1354
4 385
11 1028
11 1121
11 1222
7 683
13 1130
7 698
15 1531
11 994
11 1239
9 844
8 791
11 1374
9 927
7 768
12 1080
11 1012
8 916
11 1219
14 1377
5 442
9 893
8 873
13 1212
8 754
9 1003
9 721
11 915
8 763
8 895
8 947
14 1225
12 1099
7 699
13 1394
16 1485
9 974
9 828
11 1107
8 816
10 1180
16 1496
7 777
9 837
4 420
10 841
10 1000
12 1346
13 1365
12 1097
8 809
14 1546
10 1151
8 735
5 475
17 1630
15 1625
11 1272
11 1097
7 706
14 1472
12 1227
15 1591
11 970
9 861
12 1186
12 1075
13 1379
13 1335
13 1268
6 552
18 1590
13 1235
14 1584
6 516
10 1127
13 1287
11 1133
5 457
13 1222
9 911
10 1026
12 1176
9 1060
12 1318
11 1364
8 937
11 988
9 1035
11 1310
12 1197
12 980
7 729
7 855
11 1100
11 1059
14 1527
10 1064
10 994
5 459
5 485
11 1147
11 1167
9 860
19 1812
13 1507
12 1052
15 1770
9 869
7 704
9 834
8 658
9 757
11 1113
9 773
11 1238
12 1366
8 801
8 825
5 387
11 1233
6 565
7 610
9 906
15 1383
7 671
10 917
12 1126
14 1466
11 1069
10 1081
10 872
13 1393
8 809
8 745
11 1161
13 1378
11 1251
6 589
10 924
5 498
6 607
8 885
7 690
10 841
9 858
18 1950
7 768
7 697
8 734
11 1138
11 1179
10 999
12 1012
5 595
9 936
6 664
10 1021
14 1106
8 921
8 803
11 1339
9 866
6 688
12 990
13 1120
8 800
12 1173
7 713
8 787
13 1376
12 1005
7 804
14 1368
8 925
8 876
8 793
13 1311
11 1035
8 817
8 704
10 1036
7 749
11 965
16 1881
8 746
11 1317
6 591
6 649
9 855
3 305
11 1310
8 881
4 365
8 706
11 1166
6 536
4 440
14 1402
16 1624
9 979
11 1045
16 1362
10 1053
11 1095
6 565
7 669
10 1072
12 1140
12 1095
20 1955
12 1191
3 304
7 722
17 1581
11 1141
15 1455
12 1196
8 850
9 987
12 1141
8 801
11 835
11 1019
8 695
10 997
9 988
6 511
8 876
13 1373
9 784
9 815
6 551
11 1096
11 1250
10 1041
10 818
7 835
9 886
6 500
10 938
11 1031
6 612
6 575
9 832
10 1201
10 1039
7 728
7 747
9 843
13 1263
10 923
9 951
10 1038
6 639
8 876
15 1430
8 764
8 821
12 1112
11 1121
8 896
9 1038
12 1195
8 591
6 658
10 1060
12 1245
8 766
12 1234
7 754
8 726
5 505
12 1252
8 764
7 728
14 1523
10 973
7 584
6 693
7 676
17 1419
9 779
8 831
11 928
8 823
11 1130
9 853
6 744
14 1494
12 1130
8 857
12 1047
12 1285
12 1319
17 1710
11 1089
8 787
11 964
7 741
12 1240
14 1531
9 777
8 895
10 1130
7 733
7 614
13 1299
13 1429
10 1045
10 849
7 663
6 499
7 633
14 1576
16 1941
15 1500
9 994
11 908
11 869
6 655
5 438
3 285
8 812
12 1229
15 1358
8 1062
9 972
12 1419
8 802
4 458
8 836
10 926
8 840
7 741
10 1056
4 378
9 886
16 1530
10 881
6 561
12 1337
11 1085
9 797
6 652
10 1046
8 880
8 749
9 773
10 1000
9 760
7 578
15 1212
9 874
8 829
11 1259
9 805
14 1584
8 602
5 494
13 1247
11 1076
6 503
8 948
8 944
9 888
8 797
13 1289
13 1182
15 1261
13 1200
8 884
13 1317
15 1731
5 467
7 680
10 1276
14 1473
6 587
6 601
6 666
16 1671
6 548
5 526
6 653
12 1222
14 1466
9 897
9 810
7 575
10 1120
15 1421
11 1048
15 1493
5 496
8 814
13 1465
9 928
12 1239
12 1106
17 1522
14 1343
15 1536
14 1459
11 967
7 770
12 1241
12 1346
10 1090
6 620
5 526
11 890
13 1230
5 555
8 743
8 677
13 1104
12 1152
9 937
12 1026
11 1202
13 1315
4 394
10 939
4 393
12 1347
7 710
10 920
10 1011
9 869
15 1644
10 942
8 820
10 982
8 793
11 1131
8 906
8 797
10 895
13 1328
9 940
10 1208
6 616
6 633
13 1632
4 361
12 921
5 433
12 1136
3 324
5 539
10 977
10 1042
5 460
8 782
8 776
9 811
6 542
1 103
10 1009
9 973
9 851
14 1475
6 593
12 1228
6 566
12 1376
9 892
6 590
8 911
16 1551
12 1092
13 1158
10 998
8 790
3 306
10 1039
8 802
10 960
13 1361
6 647
12 1149
13 1422
10 1157
12 1305
14 1332
11 1048
10 871
8 764
9 989
10 984
5 507
10 967
8 853
12 1403
15 1387
14 1550
9 951
11 1138
8 899
14 1334
10 870
12 1214
10 1130
7 673
10 811
11 834
8 731
10 986
2 176
6 581
6 531
11 963
5 456
12 983
11 1083
3 311
9 856
7 752
10 773
14 1398
11 989
14 1401
9 980
11 1289
9 1039
10 1013
6 652
8 752
14 1480
12 1404
11 1056
11 963
9 877
8 693
13 1397
5 528
9 849
9 992
10 942
9 916
11 1224
15 1582
9 914
7 674
14 1462
14 1309
10 863
13 1246
8 643
5 507
6 597
4 425
10 895
10 997
5 516
6 633
8 708
8 870
3 303
10 964
15 1380
6 665
6 714
7 814
11 915
14 1405
6 605
13 1324
15 1700
8 844
8 861
9 1131
9 1038
9 879
10 1108
15 1632
14 1355
12 1366
12 1350
14 1626
7 606
9 1001
9 981
5 433
10 1212
11 1081
12 1267
5 414
6 506
4 446
12 1134
9 914
11 1042
5 462
7 839
12 1613
13 1154
9 826
6 614
8 759
18 1289
12 1159
5 526
10 974
6 629
7 689
14 1431
8 766
13 1430
12 1208
12 1206
9 778
4 338
12 1228
4 406
11 903
8 899
11 1161
9 920
11 1060
9 758
9 816
13 1482
6 581
15 1349
10 1077
14 1454
13 1180
14 1654
10 1077
14 1423
9 831
10 1036
7 734
11 1225
6 539
9 997
16 1710
6 579
10 1102
13 1300
15 1451
11 1207
9 882
10 932
12 1140
11 974
7 699
5 457
11 1199
10 892
6 562
5 509
7 612
10 952
2 215
12 1096
14 1400
8 914
10 1116
11 1177
6 641
6 609
11 1143
12 1124
5 559
7 691
12 1115
7 625
12 1066
13 1238
8 730
11 1168
7 776
5 548
8 714
18 1659
6 665
6 675
11 1113
9 1010
8 794
9 907
12 1104
7 790
9 780
14 1569
4 328
11 1224
11 1185
10 891
8 904
15 1451
11 1066
8 839
17 1752
11 1263
11 865
12 1232
14 1480
7 606
11 1048
7 618
8 763
9 952
9 955
9 933
12 1023
6 619
8 781
10 1028
14 1496
8 751
8 820
9 889
14 1574
11 1125
11 1064
14 1366
10 1077
6 589
12 1099
9 774
15 1524
6 566
13 1016
5 517
9 851
8 501
16 1344
5 550
12 1202
9 802
9 787
10 792
9 960
13 1201
8 735
8 716
5 532
9 807
4 387
3 332
5 542
12 1051
8 779
15 1375
7 772
16 1671
12 1252
11 1231
11 1047
12 1160
9 989
6 645
13 1458
15 1481
11 1110
9 924
12 1297
10 877
7 794
9 858
12 1375
9 1120
8 766
10 905
10 1051
10 1015
14 1489
4 398
5 564
9 923
15 1462
9 845
3 317
6 641
6 613
11 1008
18 1923
9 1037
9 861
6 547
7 764
8 779
12 1400
9 845
5 535
7 762
10 1135
10 975
7 632
7 711
9 807
5 507
5 489
8 689
9 878
7 678
11 1099
10 1073
7 666
7 665
5 492
10 1038
12 1058
14 1532
12 1168
10 872
10 874
13 1373
11 1207
9 787
8 791
11 1190
7 757
8 804
8 1017
6 618
9 920
16 1397
4 335
11 931
8 803
14 1316
7 779
11 897
10 877
8 823
5 574
9 869
5 462
6 450
12 1263
5 490
4 332
5 431
15 1688
8 716
6 633
9 691
9 1084
15 1473
17 1821
10 920
8 641
7 681
11 1131
8 782
6 597
11 1135
11 1091
14 1381
8 896
7 604
8 729
9 727
12 1233
12 1169
2 206
11 1026
6 657
11 1035
12 1093
17 1690
16 1700
14 1232
12 1259
10 980
6 488
9 983
15 1730
9 1053
14 1383
5 520
7 572
10 871
9 810
17 1691
6 579
10 986
10 996
8 767
9 801
3 304
7 674
10 1015
6 625
9 993
10 907
7 815
9 873
10 1071
10 982
10 1099
8 925
9 831
12 1437
11 1040
12 1170
13 1530
7 632
15 1325
7 794
12 1249
12 1355
12 1227
7 698
5 438
6 651
10 1049
15 1203
12 1131
11 1041
16 1537
9 757
11 835
7 637
8 784
5 477
7 651
6 636
7 679
10 1044
11 1113
11 1112
13 1155
4 418
11 1057
11 1089
11 1031
5 563
14 1634
12 1231
8 738
7 905
7 803
11 1208
8 843
14 1423
6 568
5 463
9 737
10 1084
9 870
5 533
7 680
12 1266
5 551
7 711
16 1673
13 1201
8 716
12 1301
10 1125
16 1556
14 1426
6 641
16 1715
12 1259
16 1599
19 1827
8 911
14 1374
9 963
8 982
11 960
13 1309
13 1261
7 769
10 1014
10 949
9 969
11 1201
8 784
9 984
15 1385
7 526
11 802
12 1123
12 1191
12 969
6 626
8 861
5 508
12 1449
9 1100
10 878
11 1227
3 289
14 1369
5 505
9 992
10 991
10 967
9 959
8 914
8 806
12 1241
14 1295
10 942
10 1141
10 950
10 889
11 1068
13 1185
10 1147
8 653
8 710
9 732
13 1237
17 1816
10 994
9 764
11 1127
14 1500
10 1153
14 1308
20 2071
11 1215
11 1093
12 1397
8 769
14 1486
10 1098
14 1521
8 786
8 717
11 954
7 686
8 842
13 1390
13 1437
17 1490
11 1257
10 1047
8 731
15 1335
6 645
3 341
12 1213
12 1120
19 1775
10 1053
6 597
11 1054
11 1095
16 1686
9 1046
9 942
12 1347
6 467
9 930
12 1203
10 1105
7 710
7 679
13 1237
6 669
14 1226
10 990
11 891
10 1011
11 1098
9 935
16 1475
7 716
14 1260
12 1213
8 811
12 901
11 960
13 1366
13 1139
7 610
10 964
14 1313
13 1502
7 723
7 709
9 636
5 526
10 809
9 915
7 739
11 1096
12 1103
13 1393
7 736
9 982
11 1157
12 1249
9 834
12 1009
9 754
21 2077
8 756
10 927
4 337
15 1423
8 825
7 706
10 910
10 1027
10 1051
9 986
11 1173
11 1120
12 1341
7 665
12 1389
10 936
8 733
10 948
1 92
8 848
10 1053
10 976
11 920
8 821
17 1496
10 924
7 589
11 829
13 1187
5 428
8 786
10 1057
11 1005
14 1222
13 1407
9 951
15 1385
9 918
13 1155
5 459
12 1318
13 1202
11 1367
14 1529
6 626
9 950
7 703
3 293
15 1354
12 1329
7 735
11 1082
9 975
10 1115
7 684
16 1571
12 1316
9 927
7 877
8 828
11 1126
7 706
11 923
9 822
10 738
5 467
7 829
8 879
9 888
13 1261
16 1709
16 1536
9 1016
4 367
12 1068
13 1393
12 1132
8 863
15 1410
19 1589
8 742
17 1788
12 1118
10 1165
8 787
8 633
5 498
10 1061
11 1153
3 329
5 499
9 964
11 756
8 808
8 716
10 895
14 1627
12 962
9 866
7 717
14 1370
12 1324
8 763
8 792
22 2443
4 402
17 1433
9 974
9 998
10 930
9 904
10 1130
7 714
17 1643
3 294
14 1476
18 1729
14 1589
9 1051
10 818
10 1032
11 1092
7 588
11 1065
10 959
12 1214
12 1455
13 1213
7 658
10 1008
4 352
8 1041
9 737
12 1211
11 1048
7 636
12 1008
11 1158
4 410
7 773
10 928
4 359
8 820
9 816
8 945
13 1295
11 1098
13 1254
9 899
12 1038
8 730
9 672
10 1075
13 1276
5 574
9 923
9 911
13 1018
9 846
8 841
6 627
7 731
6 526
10 987
15 1575
18 1950
12 1044
8 872
11 1050
7 802
11 1070
10 921
5 482
8 908
8 766
5 425
16 1536
8 854
9 985
12 1426
14 1482
7 652
11 984
16 1606
9 1041
9 882
9 884
15 1508
13 1392
13 1218
9 799
17 1474
14 1492
6 575
8 864
7 599
9 797
8 835
13 1152
10 972
6 515
14 1169
12 1137
11 1162
5 527
14 1509
8 815
10 971
11 1055
8 808
9 792
14 1431
11 1069
11 1054
12 1081
8 732
12 966
11 1082
11 1147
11 1219
14 1534
5 598
15 1433
9 1050
6 690
11 1122
10 880
16 1590
12 1286
9 888
11 1053
9 1035
13 1157
7 643
16 1535
7 695
6 691
11 1209
11 1122
10 928
5 504
7 739
15 1499
11 1135
14 1272
11 1250
5 446
14 1383
12 1024
12 1064
14 1556
10 889
10 989
10 1026
16 1709
11 1132
12 1254
14 1420
8 947
9 850
9 985
13 1181
5 491
14 1390
7 717
10 1111
5 473
5 398
9 861
11 1117
9 917
10 1128
12 1259
11 1088
14 1343
12 1216
10 1020
5 562
15 1423
7 772
8 735
11 984
5 524
11 951
13 1139
12 1258
6 606
13 1128
8 780
18 1923
10 900
8 745
13 1447
11 1143
8 875
10 1002
18 1802
7 768
11 1274
5 513
10 1187
12 1142
8 664
5 476
5 523
9 950
12 1245
14 1417
8 695
6 617
10 1046
9 884
11 1107
10 839
7 641
11 1082
9 813
14 1568
13 1300
7 659
12 1325
14 1696
18 1421
11 1101
9 753
18 1971
11 1282
7 738
8 801
6 601
11 1203
8 844
6 530
7 543
13 1135
9 836
9 929
13 1439
10 1088
8 909
11 1210
18 1818
7 736
11 1033
5 494
8 744
10 1154
15 1337
18 1682
7 644
10 1029
9 996
8 966
12 1054
13 1382
10 798
9 897
13 858
8 808
8 822
15 1662
13 1137
9 820
6 583
8 703
8 676
9 676
10 1155
6 617
