1200000
300
5475 2611575
1920 474240
814 108262
5010 1447890
6945 3264150
1480 19240
3112 220952
9166 3400586
2548 180908
824 380688
4399 1337296
843 267231
4231 808121
6960 1760880
1691 701765
5644 891752
9760 4645760
5996 1672884
6097 2603419
2122 863654
9784 4304960
8331 1757841
9513 1170099
6116 391424
252 96012
6937 3149398
8559 2516346
2254 926394
6946 2833968
4640 538240
8864 2499648
5415 541500
1573 97526
9150 2781600
4633 755179
1351 95921
3338 453968
5122 2535390
64 27200
5163 2075526
3360 1303680
3080 505120
6847 1595351
1074 262056
7423 1128296
9003 2232744
3837 1373646
7321 1932744
4993 853803
7606 2167710
7272 3345120
5878 681848
1470 367500
198 76230
2049 40980
5830 145750
7350 3594150
3802 714776
3960 530640
4832 444544
4170 979950
9428 188560
7469 2815813
8885 1670380
1801 711395
6959 340991
6740 2662300
5693 1320776
2946 1352214
8213 1166246
4415 481235
1109 476870
2807 850521
5639 2689803
7379 2730230
4636 1154364
1065 181050
9296 1961456
7728 2217936
1986 933420
3945 1357080
5250 2058000
8709 1236678
2747 887281
486 9234
5510 1030370
9979 1626577
8929 4018050
5243 2029041
9221 2148493
6806 2409324
4851 77616
6331 430508
3261 1519626
5512 2535520
4656 144336
3966 1626060
7724 3545316
6838 2564250
1486 688018
4366 537018
8359 1504620
3964 1149560
9669 4766817
6560 2965120
5867 2458273
8173 2280267
6400 147200
3238 314086
773 34012
7753 2535231
3153 876534
7350 1550850
2183 746586
6369 1630464
4403 1646722
1521 260091
5838 531258
7350 1602300
9193 4044920
4868 1713536
7620 2263140
6661 2577807
6575 249850
5142 1758564
3096 185760
7448 1310848
7993 199825
4685 749600
6611 1070982
6566 1503614
5364 2360160
5515 2360420
6340 519880
2163 536424
1947 377718
9024 1642368
5793 1118049
5045 1185575
4709 1379737
6149 1026883
8227 3175622
5363 895621
6101 3032197
6515 990280
3371 178663
9008 3296928
5679 278271
5471 2319704
9334 84006
2252 76568
299 148902
6430 1112390
2058 495978
2850 1034550
3171 523215
3896 190904
8096 720544
4775 2110550
8153 766382
6670 1120560
1725 32775
9341 2568775
656 122672
2065 202370
8350 1703400
233 93666
6643 1461460
9047 2515066
4126 169166
4051 1559635
9268 324380
650 52000
5494 2164636
7811 3093156
230 69000
1153 159114
8845 1804380
3808 1827840
7618 2376816
1982 164506
8554 3216304
8537 3705058
1251 370296
9881 1017743
2760 1098480
4797 839475
1790 635450
3337 1181298
2054 45188
3824 1365168
9492 2268588
6129 680319
9808 1441776
6917 823123
8037 249147
6421 616416
4322 2031340
4558 1928034
1662 473670
6321 1586571
65 9620
7596 3790404
9383 4522606
4413 1588680
1670 354040
3265 284055
1198 464824
8179 2527311
3545 999690
1708 213500
294 12348
8426 1693626
5517 1638549
6265 964810
6649 1549217
8777 2361013
3885 15540
6604 515112
3621 1792395
6470 2251560
6237 723492
3384 1316376
4515 58695
1965 444090
3054 1392624
2545 704965
7347 3489825
8044 2332760
6307 1456917
8858 575770
4863 389040
5925 1664925
9535 3976095
3966 1745040
3403 728242
2325 346425
6344 1008696
5722 949852
9916 4134972
5001 725145
9703 1979412
1321 249669
4595 2228575
9834 1711116
9926 2292906
5669 799329
6609 1572942
7865 2847130
4696 2155464
405 31185
5545 5545
9249 2413989
1496 154088
5428 2692288
378 63126
4118 1074798
2271 476910
9650 685150
292 95484
5411 1190420
1692 211500
1008 392112
1779 115635
7322 805420
71 10579
1386 465696
8889 2906703
1580 575120
3171 313929
3995 1633955
2638 683242
3222 1437012
8821 8821
4374 1981422
4421 1834715
2513 399567
3668 1522220
1522 736648
1442 324450
201 20100
3066 122640
2800 1240400
7342 1718028
5882 1776364
710 34080
7058 84696
3584 1566208
4480 725760
1470 47040
967 384866
5044 1815840
1496 231880
8003 3865449
5680 772480
2122 229176
9858 3085554
9233 1818901
8360 3879040
4258 1924616
