150000
300
1622 158252
455 39252
547 59742
1588 171169
453 42151
610 54899
867 85145
508 55898
253 24273
1136 126526
208 21761
2725 233086
96 9333
504 52778
475 42606
1129 114854
901 75400
379 40151
200 19232
488 52667
677 53611
4077 392161
1008 112335
847 88587
570 64409
2989 277409
838 82573
154 17876
1294 137050
1466 153697
1204 100020
1907 200217
1073 144588
780 85445
686 65265
968 89020
431 45681
1091 100557
382 32192
1194 133610
862 81885
976 122092
1888 171797
205 20106
1220 111115
1069 118780
1550 178566
560 51500
174 15787
1553 151821
1127 115073
335 34117
242 26702
353 37830
1810 150265
221 21559
1195 123588
1213 118041
658 64758
1141 112787
1158 120666
841 94649
865 74762
2229 177470
479 48502
2749 322493
1260 111758
588 60791
1077 125024
1174 108293
615 63329
339 29699
512 53577
1022 116305
547 50588
1385 139775
1242 122321
551 51305
561 54538
1251 133422
332 30472
293 24653
1368 132497
223 20903
1698 140952
611 63096
1444 142439
341 33804
323 28793
1996 181791
425 36328
660 72994
1533 132090
1856 203323
451 44180
1282 91894
949 98935
1331 131626
115 11178
133 12994
1254 132321
1289 128797
580 54218
862 77085
15 1345
1405 139083
129 12597
249 27532
898 84437
1899 208487
138 14167
191 15583
353 35525
1085 113918
872 92302
362 36671
1155 104235
598 60509
2485 243035
1079 128668
1224 118848
2723 262653
2393 283801
502 43348
2105 181656
475 41322
1075 105504
1317 133497
1804 192132
758 73583
848 75175
1051 110455
1985 194864
187 18000
1393 158631
765 77620
1706 169097
1083 98757
294 30427
602 54100
930 101172
1760 184286
1169 103155
1593 150048
461 46225
493 53039
1187 143372
2318 225869
145 14096
2203 222458
972 107373
1080 115405
2471 253487
528 41113
767 72529
167 16202
648 63811
377 37192
1129 112672
2031 202183
468 39555
273 26455
1305 150087
1031 109978
1031 106679
1027 101973
205 19755
560 53197
945 81744
144 13517
162 17452
1337 143986
1649 169880
816 78714
1235 120867
534 52516
759 62914
1556 162082
1246 116739
1076 115913
621 68917
1025 107687
295 26009
378 35942
1114 123499
535 61875
996 100706
1148 108201
348 33871
760 73294
642 73425
936 88731
826 81607
208 20639
91 9174
2945 271356
765 85941
53 5632
882 86099
2121 230860
632 64572
349 36325
1657 173247
140 13261
1398 150058
990 106824
477 48051
262 25441
870 84174
649 77513
447 47433
499 39811
261 28350
1043 107787
543 54515
1759 158697
1303 138061
1379 145245
1451 128688
151 13433
1659 188635
245 25639
577 54362
1127 105058
856 83654
3115 355430
779 75008
514 48082
417 44177
1324 121895
152 18755
485 60214
1558 188029
537 44810
215 19090
257 28043
518 44827
1286 113192
1870 227798
625 52398
899 86941
322 27796
1469 188560
1514 128283
655 64168
558 63381
1072 111243
481 50623
961 91795
353 44624
1470 162169
368 37596
343 32903
426 44955
191 18968
586 56462
1018 107310
1428 116678
302 25127
857 99249
367 37990
1295 118728
1005 92886
777 66716
390 36849
557 55105
2031 236863
693 74013
186 20700
606 65689
1494 132144
463 42841
979 91183
388 39452
362 32450
985 94292
1154 111267
1387 135396
278 27355
132 11517
272 25211
1926 133921
730 70525
719 66648
749 81219
1425 142054
1989 186566
826 87536
526 59814
393 34340
2292 260506
992 106354
1483 139482
1579 164206
1169 110566
1507 142278
614 56046
474 42140
1744 170564
1023 105769
