1500
300
11 1159
11 995
10 1034
14 1405
7 738
12 1311
11 992
8 761
13 1393
8 812
15 1669
15 1574
4 424
9 1036
5 429
17 1862
16 1304
8 779
7 691
10 1161
9 969
10 974
9 930
12 1137
9 896
13 1271
7 755
4 370
11 1174
9 883
7 642
11 1258
7 700
6 624
9 999
14 1281
6 457
12 1034
9 946
5 584
15 1480
5 570
10 886
9 937
8 562
14 1339
8 810
16 1789
10 934
12 1089
9 767
13 1461
8 771
13 1195
5 500
11 1084
12 1391
6 638
15 1571
9 866
7 617
13 1221
13 1036
7 802
13 1343
10 1001
12 1249
9 855
9 823
12 1240
7 654
7 722
11 1067
8 688
13 1392
12 1365
6 613
8 866
11 1110
18 1813
15 1610
8 753
7 735
8 654
15 1504
6 544
10 952
12 1169
12 1365
10 854
9 962
12 969
11 1097
8 918
10 1111
10 1048
7 649
5 592
8 830
7 678
11 1209
6 522
9 938
7 695
6 535
14 1474
13 1266
6 643
12 1248
10 975
9 729
12 1306
8 897
14 1345
10 1088
9 996
11 1330
12 1123
11 1111
10 1045
5 473
5 479
14 1380
3 364
12 1208
6 617
6 632
13 1331
10 884
15 1363
12 1226
13 1132
3 287
9 979
8 781
3 296
12 1079
9 782
11 1058
6 617
10 1093
7 785
11 1034
12 1253
8 790
9 1001
11 1230
9 980
6 522
9 1059
15 1035
10 1012
12 1279
11 1079
8 840
10 915
8 893
8 906
14 1519
10 1012
13 1608
11 1060
15 1389
12 1295
5 512
15 1807
8 738
5 528
11 1119
7 656
9 812
11 1203
11 1173
10 1169
18 1672
4 456
17 1834
14 1411
8 764
14 1546
7 687
9 931
9 1006
8 902
7 686
10 1006
13 1305
5 444
6 585
15 1558
15 1431
18 2036
9 872
4 397
10 1025
15 1549
13 1243
4 428
4 300
12 1301
12 1291
8 748
10 969
14 1280
11 1275
9 1009
5 503
5 500
10 1065
10 1029
4 418
14 1425
11 1086
5 444
6 577
14 1553
6 606
11 1061
13 1164
10 917
12 1219
10 967
11 898
10 1022
6 604
11 1038
12 1249
9 922
4 422
8 637
12 1193
12 1169
6 581
9 714
14 1343
4 412
10 933
14 1286
13 1337
12 1413
13 1552
8 938
5 467
11 1088
8 599
9 891
5 500
8 801
10 1073
6 732
9 1024
8 696
13 999
9 1017
8 769
6 488
11 910
13 1300
13 1207
12 1094
10 1239
7 637
13 1200
11 1125
8 817
8 722
9 1066
10 1087
9 787
6 576
15 1381
13 1269
8 944
12 1170
10 1045
5 483
12 1118
8 902
8 822
5 504
11 1034
9 770
8 857
11 1342
12 1134
11 1210
13 1412
8 781
8 788
4 484
6 472
8 779
7 733
10 1013
7 679
8 729
11 1103
8 689
13 1299
12 1232
