8000000
2000
5984 622139
3914 453254
6919 665489
7616 693940
9085 805422
3098 310012
8257 742663
3827 389361
6182 665529
7684 815029
9581 1053178
8174 632573
1937 201728
4790 488135
6391 664166
4417 398309
4191 397868
9889 773862
8567 902338
2719 228924
6228 621554
8698 879754
4458 483899
4203 453502
4455 480761
2350 230976
8807 780597
2451 272607
114 13423
8592 750640
9453 817384
3386 421883
3399 241252
6431 722929
9156 934907
7082 726017
3088 342831
9192 919734
2420 240804
9243 876299
9633 1008887
1805 187442
2283 254197
3648 356450
9816 1095167
6423 685754
7573 680045
1686 162144
1373 152039
3503 408461
1460 114041
1704 211381
8028 802248
4749 528839
2153 239795
8652 855792
9464 839006
1603 176993
364 37594
8607 678549
9146 1081334
1856 218283
6899 793039
6279 722840
9744 913310
1866 178691
8969 1003172
2911 315972
5375 588500
9059 734547
3668 377405
9505 1081379
7860 730478
6493 608083
336 35301
1796 192163
2749 251575
4923 405425
1179 127308
6231 688599
4464 412184
7553 788566
519 49233
6486 705399
2257 207347
1508 161857
6953 772913
7427 682515
6080 728186
1424 149319
204 19454
4602 440336
2233 268196
4690 447265
8280 668636
5072 541622
612 65744
1440 145965
4929 537334
6328 635008
3013 289167
1603 154499
4350 459978
57 5527
3593 371865
4092 401442
3134 354506
2931 266751
3676 326038
4405 408311
2603 271388
1660 120461
6550 644760
1483 145705
8079 807822
2119 212366
5367 489548
9309 838404
7844 810149
3547 382688
9973 1029430
1202 121634
9394 858688
3112 314431
8431 771511
7294 580474
3234 313252
7674 795308
4765 465416
816 84495
4515 430680
7035 533517
9353 1020417
9485 917394
2267 201139
1258 131381
5384 500535
7776 767647
5116 429097
979 118214
9893 948742
9502 1080894
3742 443544
2630 228494
7732 847958
8223 861106
6567 742307
2212 200360
6089 658634
3184 309062
7533 792645
7266 711941
4090 393726
4438 360542
8897 884599
2281 203957
4203 399602
2679 217809
8565 815282
2186 193068
2826 289022
821 77076
8977 840893
809 80313
8951 820266
4602 397634
7384 764193
201 17735
1220 117903
8975 844634
8540 852370
397 35712
1292 104837
5216 534281
8909 817416
5941 742049
5151 582384
4051 413211
5583 560088
228 22187
6471 654949
6213 617360
8979 1103710
4435 436607
6667 634248
7863 828939
2111 214243
3902 418218
3114 313956
4229 429111
218 21605
371 41847
2405 250967
9124 821123
5172 549666
1249 132408
4634 555719
2764 240133
5418 548884
7043 702298
3876 393308
9929 693502
6614 784597
4699 449264
4229 478258
1126 107119
1984 197279
1840 175607
1872 209807
8541 805768
637 69675
2183 179137
667 65814
9689 1128395
2923 342719
2845 309254
9448 920155
5578 458568
9304 893221
9425 673484
3223 350902
4386 392034
8243 875571
3581 399356
5163 486349
6337 588812
5350 526662
9141 936454
9526 949037
1222 117649
306 31552
3670 384381
5035 513665
8583 600441
1957 192786
6531 713405
929 93281
6217 727771
30 3076
4268 317814
9165 1022690
4265 396420
2953 324221
8663 961601
4664 408646
8112 962669
8829 966304
8019 791410
6066 634190
2595 273669
2276 256959
5448 582425
6237 679771
3584 320323
3260 320837
9854 980803
8807 825481
3313 356231
1758 180552
2035 196783
5184 609772
7896 824571
3474 319145
334 34337
7862 766749
2848 302695
5125 525051
577 51816
4396 398493
277 29250
6583 608986
4513 494248
7288 738915
950 99467
5788 607081
1438 153782
1330 138338
5635 567317
2483 239353
9133 878524
2265 203826
5630 543123
1632 164234
6029 530522
3045 277320
2748 279533
6758 676846
2850 290081
950 106489
4008 383690
5118 483681
3335 399750
4291 403104
9604 1015001
9659 900814
8257 882792
4751 403959
7100 689099
9532 1065701
9250 799994
6315 537733
3604 367265
1683 186802
4129 403172
6700 689819
5426 529669
1087 112161
3358 291932
9675 864009
7251 666917
541 50233
9021 1009419
6466 704410
1676 156626
2688 284018
4150 405199
5875 526957
2457 226983
8948 941096
131 13322
9175 660784
2093 171408
9989 869795
8814 1011446
2180 169397
7783 749156
6558 736825
9170 973033
4491 449565
8596 831061
6929 664795
8345 848777
6726 661855
5152 588908
9438 855622
36 3600
1654 163214
479 39466
1656 190256
8442 832014
7295 775277
5426 541360
4510 447101
8610 751872
1746 184184
9805 943067
5449 627210
558 49798
7420 782213
5430 570087
7706 773347
7095 763908
1444 129785
885 85084
2879 291666
2418 193184
8770 819773
1932 218950
6232 588599
775 75919
6713 599943
8368 793874
7931 875150
2722 212088
1161 118829
7474 765391
6252 583850
3750 436344
7190 649517
404 36210
2244 213731
6550 691897
7031 596334
9285 944391
1171 116414
8206 828612
776 89486
977 108316
6501 710467
9405 1112242
6793 603840
7063 744071
892 93062
6835 554614
2362 214174
5420 515330
9761 875380
6429 716250
6541 647883
2635 238365
6428 602510
4635 396355
1200 114085
1680 155314
3442 263824
4096 416569
5225 519097
247 25038
5805 586279
2689 247032
5877 559559
377 35172
6224 662237
2385 221486
4124 493700
1372 147289
6932 647139
1459 127371
9924 802548
841 93595
2700 238252
4468 516767
7937 776555
5246 527813
7819 730843
4995 521510
8827 1116539
2023 204236
9701 1154582
1246 137000
5103 504681
7624 790380
7804 773884
7096 702853
8221 836583
8204 831710
2329 240148
1731 162109
5527 536383
8419 814435
4236 398757
844 76811
4996 440528
4935 524462
9221 1095042
2582 229299
8596 866577
2832 287224
736 71535
3148 309692
3257 358798
6929 681214
9293 755689
5353 535736
3268 326610
5998 663198
5158 490309
3937 445937
9894 1131841
548 47514
8473 834781
7250 825919
4671 457987
3216 367992
6828 519568
6861 688367
4987 481965
1393 119344
1852 196889
9894 977886
5600 575135
6989 712797
5137 486436
9281 1095544
2715 315902
1207 128068
2243 234623
9162 870026
5387 536425
5659 593876
9409 994945
9908 902649
6968 662810
8170 694037
8666 770467
5414 587804
9967 1023331
8946 908307
6932 613383
2868 275746
4062 459160
4214 416281
2077 198549
7210 695291
4205 444535
1204 121591
2741 255633
1897 159341
8712 1007649
3424 373237
701 75737
6526 678605
8162 943843
2619 228070
1358 133826
7868 757250
2481 230475
4519 425595
4296 462797
8932 747579
5244 572064
8791 969159
5234 467456
3816 431924
1301 122317
6608 694200
8045 928214
4012 458397
3146 344995
6586 603372
6676 710847
3109 295969
7517 768559
3798 388861
3289 317113
5836 660007
9715 1082248
7424 798564
7857 778624
9202 897759
7685 674088
8665 838793
7338 840967
4133 380034
245 17424
6166 496393
81 9038
2776 283803
4283 424168
607 59175
8093 799034
6021 561844
3865 305603
7364 757346
4148 421113
4038 486334
3807 373807
3511 343747
3231 264216
1782 162949
3017 303540
9142 976009
6589 638945
4378 378047
877 86217
8916 897170
8960 861138
2244 244992
8616 975750
6117 637104
9074 858025
48 4702
9939 836615
8238 908120
3177 345027
4801 508819
4726 420072
7120 719902
7887 890441
4931 585907
8193 691182
8284 775558
7221 769562
5109 499238
5319 496222
2943 284318
4401 407668
3961 407505
7651 713375
1160 122727
5954 477264
6168 574508
4408 454322
1697 181998
6951 716822
423 43837
4171 461556
3249 416687
2827 308250
9557 995271
723 76438
8585 845508
7852 804861
8382 820815
1948 211077
7586 829565
6504 715783
4913 523022
1908 146681
7181 788457
4676 469432
6432 619429
4034 361970
8997 771593
2433 278962
9918 1141662
7524 626640
8909 732587
3674 356392
769 71253
1916 178890
4090 366189
2576 272115
3567 315695
4305 482742
9048 895933
2784 288146
3685 371534
6025 634437
7699 737893
5660 593597
7267 789568
602 59061
4630 467324
1212 133665
5086 482512
3322 344453
9843 1002691
4143 445792
5046 490469
9413 897036
4073 314047
2337 240657
4536 431580
3424 347454
8246 772656
3345 351600
2186 217107
3478 396856
370 39291
3138 335354
8715 943738
9899 1126991
6303 649841
77 7367
6913 705240
2208 198952
1688 190886
8529 842215
1893 219604
805 76727
4188 405715
7799 919272
8966 1085082
4121 420679
1167 133971
9276 1053208
1615 209935
9081 895113
1524 144950
8000 815004
9874 1117025
7147 748350
209 24390
2180 208833
5348 492675
7283 580197
7747 744784
119 11604
1596 161645
7299 715625
9502 896525
9552 853015
1646 151343
8240 925205
7175 740700
9315 993042
2774 277173
2571 271054
7159 745934
6791 499645
2736 267532
8151 757401
9800 1044154
9087 950527
3659 363028
8161 833130
9061 899455
8203 861853
1790 150191
7239 716432
9690 943168
6494 541368
1464 159744
6286 514901
6038 620409
3827 404852
2184 231503
2652 265752
2275 187421
2786 273900
3042 303003
5483 559955
9071 941823
5865 563359
3178 342448
106 9865
4714 488382
8956 917842
9797 844140
3395 345023
3410 314548
7263 639986
957 93978
291 33072
3200 322600
677 66703
8275 891632
3711 423191
3894 419470
4886 513549
3878 408373
2632 288096
7271 657368
892 86549
3639 338950
8285 828918
7462 818860
7329 620955
2242 190546
7793 832643
5840 545330
2153 210134
5047 575359
5469 530939
5618 590961
2497 264465
7128 716086
1811 178634
8738 857394
9148 791150
5724 608428
4742 426439
876 69174
5623 492426
8795 723499
5531 652679
4086 406170
9387 879115
5378 428242
534 61065
2409 224364
7187 723847
2183 208809
2741 283047
8512 792117
7120 642868
2887 270596
7736 688731
8581 812533
6316 591909
5339 450301
3510 296802
1142 116027
9092 827404
8791 951604
2546 288393
2971 342712
7103 854203
2146 220306
3553 328307
1359 131835
2651 234435
9770 934871
608 61982
1460 153693
7236 806943
1799 170738
5825 686853
5646 559486
1900 182823
7594 633826
5539 545031
5302 499851
9152 716622
836 88879
9951 1062846
651 57407
7176 691236
2457 264216
2941 328266
6815 698071
4352 510776
8253 668353
7056 652354
4484 467783
3538 398686
2516 264184
2471 214185
3304 328359
5860 522005
3739 423203
8687 923082
3305 348550
8577 952149
6867 719260
8200 755160
8512 875717
8993 869884
6958 755647
5880 579999
5561 582657
1627 162556
6137 563200
1129 119081
683 55891
1590 152860
2896 257027
7517 779235
7604 705141
9872 1176297
7622 722752
8954 821947
1585 148147
2951 285208
7292 799659
4420 504039
7566 817650
8731 805653
9665 824504
7423 765741
3999 376001
9970 936515
5252 599853
5907 580253
9146 927771
3795 363624
1328 128016
1462 132760
2537 253526
7315 580010
5377 522575
4391 425339
2631 246901
3988 388890
1169 136102
2616 269171
8840 922667
5414 397488
4433 440569
278 29391
1582 159302
6461 643610
6454 681907
2411 231928
4965 521547
8580 782594
2501 240971
5172 452307
5481 552699
7891 803191
9190 754450
3689 368632
6231 614234
152 13876
4873 460172
1957 195627
7847 674699
8722 949252
187 19032
8349 834267
8632 748038
1335 148709
1723 166165
8457 808903
2907 296519
7253 733820
3511 396141
9480 1094614
1324 117407
8839 741547
6657 618060
8532 713475
6372 594710
2649 271944
3444 308377
9659 976363
5317 486536
9950 1094163
1106 114102
7307 693757
8620 806374
9758 932632
9588 987683
6664 634651
8359 806311
2348 277752
4148 446570
5477 464240
5473 529315
1974 198476
5062 470132
8314 708820
2326 260972
4987 422985
1987 187703
8200 818946
3916 401060
6400 605007
4767 452405
8938 894326
8960 854755
8340 787797
9044 914567
8276 758851
1667 150324
2545 283351
3837 481247
7154 709362
3331 305795
7124 825771
5621 503716
4265 479778
6348 623661
6428 646391
9998 921928
6024 552317
642 71588
4210 356870
5575 498189
6778 731168
8493 994560
8982 839889
7784 765028
272 27618
424 41765
7720 735579
2604 277024
7841 700852
7161 679389
9102 1026118
620 54129
5404 467272
2380 205470
9659 1057856
13 1188
1203 117230
5505 576713
7890 825447
7901 835937
2598 300354
24 2274
9582 727468
9168 971410
3911 379987
1037 105139
2428 215391
6287 698671
6448 813245
5402 485090
8432 812994
1653 136239
2246 231263
7067 567344
4585 500791
163 14928
427 52138
1258 118258
4862 458893
3322 309090
7698 769922
142 16093
5660 480543
9455 867854
4385 481036
8422 818921
1979 178004
509 44844
7891 656369
2256 201249
6002 578803
2850 273193
3679 312595
112 10646
6801 737428
3771 337151
5975 636090
1551 146781
5108 518866
2450 201945
6452 780779
8231 742966
8886 762374
1097 89748
2837 258823
6985 699478
475 50634
6171 582235
7533 698396
9673 871125
6746 611293
448 43638
1431 145425
7937 919241
1871 181563
1061 92392
4413 416743
8193 762743
5094 553764
3325 238132
9060 887531
5576 620447
9678 1057013
5679 652918
8962 845848
5774 447018
2008 178348
1061 113710
343 37157
6549 637425
1471 155124
6415 576381
1856 232502
6929 753700
2983 281273
6662 694138
501 42433
3293 338469
3752 286590
7135 678763
1363 125013
7223 680006
3946 366079
6082 742233
6973 643368
889 93451
3385 306425
3926 398048
8350 883435
5637 512760
7753 842172
340 38305
3842 406074
2942 321208
5589 650703
7096 660362
6341 703210
2154 229822
1231 123777
913 91469
8701 756449
7225 771675
5010 530273
7210 784966
3104 276114
1516 157584
3477 307078
5817 590312
6413 682129
3967 435529
2295 251288
1385 131243
7431 692080
2801 266007
3187 343076
1614 170233
4199 392459
4632 487597
5029 520797
9875 1066651
2897 259656
5691 605506
9941 981612
8193 802579
6294 652996
7139 709438
381 38617
6118 552575
4195 488794
2657 308272
4001 385064
5980 629161
1685 150237
3759 376571
9017 772051
4212 419216
5965 505682
1447 129455
7429 820348
1994 223649
6761 684296
9496 899608
1751 188576
5924 694142
5463 573633
9438 887623
1513 135543
9008 827180
7144 854180
8889 967071
1105 118947
4948 411832
1516 155386
4176 472615
1811 211334
3787 383973
2968 305314
2148 224186
719 66710
9765 851535
3171 305541
2591 270477
8068 861150
4873 479705
6930 689428
4007 400909
1452 155643
3227 322391
228 16683
6792 688742
7162 757048
2194 236896
8841 966764
4611 533489
7798 630627
6942 845233
4058 410423
1327 104748
8102 944343
493 52874
1800 171174
366 34888
6760 672575
6095 656238
6743 672581
814 85160
4616 402135
344 35367
55 5796
612 56709
6681 712817
4295 450699
5199 455553
8705 802765
4361 490023
9264 811174
8045 761591
5261 589838
1056 106681
8280 717070
864 103846
9251 792610
5807 614674
7362 736851
3754 373097
7719 701099
1017 105856
3030 281616
2441 267915
552 61973
5953 549213
9746 939678
8477 893476
291 25314
5614 590072
1713 158998
517 53294
8624 878193
3743 378915
423 39815
3360 301531
3077 284890
8303 772140
3346 298327
9578 983742
7737 724491
5224 563538
4987 460109
398 37753
4679 504751
4343 403456
7123 685341
6794 564103
9575 1089520
1255 135061
9675 887672
386 34187
8911 910859
9320 977228
4703 444180
6028 666563
7480 773403
9730 928549
1836 166664
2303 196705
7621 779720
339 35093
2570 309007
7657 780241
1480 120500
2451 246806
1061 112947
8884 888764
7668 844374
7211 764292
5960 621431
7016 737657
3953 425446
89 10780
3455 293228
6128 715793
5162 498444
8171 879677
31 2287
7013 675932
6754 596025
1603 156329
9670 751030
7306 724118
1309 116873
742 70531
1425 152458
7842 876989
4374 447476
9833 891707
3846 449958
9903 961808
7024 709643
5450 490818
3636 348466
2410 235790
7255 694049
3936 340508
8918 963759
285 30469
6004 618716
7279 720501
415 40144
1254 120926
7365 798507
609 52942
6180 504454
3121 329823
9617 976463
5861 592247
6448 701990
801 97307
7236 605515
7653 848964
4078 440976
5638 414951
3839 383106
8100 932792
4225 445612
7559 638468
3206 325220
5460 541805
2916 324550
4033 353484
2121 240224
9790 1048601
2063 192445
1800 160365
610 68714
8473 895267
2514 211218
8332 810549
6176 660935
7822 892133
5828 558373
3213 310984
7571 672100
263 28722
6551 627221
8701 931423
6313 666921
5867 535656
1656 173315
2104 232513
3030 326371
6987 702370
8980 960064
7942 691454
4054 386659
6354 618407
3521 317180
4496 435660
2459 255516
728 77276
2903 312803
2414 291422
3430 366225
7637 705893
3437 348719
1928 227425
1092 113874
8633 1018890
1936 195392
2887 295873
4548 535087
2586 260392
680 67071
410 37214
8981 919540
9395 1059323
5925 584151
9151 1073748
2789 290982
1492 140986
2752 266145
492 49052
972 104009
5831 705942
2892 316491
3794 393590
1786 185027
3575 343550
5779 644097
2138 202809
553 58420
2261 244333
3257 334693
8140 812134
8743 776958
3127 290316
8875 762782
4727 319867
8185 967410
636 78210
9050 876289
803 74572
8671 855768
3098 282591
3681 298283
8666 847580
3368 337862
6070 608239
5548 537061
1326 118333
1478 139743
2911 286176
4276 471947
5186 527865
6571 728734
4568 479123
3580 349519
3946 348925
874 77230
7204 785649
8864 915666
8872 846337
2442 270873
2868 285029
6109 634495
2789 275373
6030 666298
9188 864932
988 92692
9123 955730
3719 362316
4365 499812
642 74813
2570 281653
7780 822394
3893 359100
6288 570345
6140 688168
3742 296572
9530 816661
2992 298763
7004 664805
6296 607042
331 38296
7855 634270
7492 727954
1834 171036
3942 394366
3760 367618
5516 562882
1280 120343
4543 441379
1028 101390
1662 165798
8260 865711
5446 664041
8090 891872
8498 720591
280 24407
770 79038
1620 154175
5792 555870
3638 395861
9406 902887
1089 96310
1427 152047
6682 579412
8727 806570
2322 231781
6714 620968
9978 867614
9212 1009050
972 111238
8820 920083
5331 506236
4678 470371
4194 515182
4811 462462
550 55636
7519 716523
998 101243
8304 930477
5676 568484
3995 420903
9449 1002695
9970 1099108
8306 781986
7792 834174
5844 542818
2293 273094
6996 633548
1689 225288
9223 855949
8538 753348
9398 866378
4018 404280
9300 938866
8901 817254
9973 986035
8902 858123
9548 1032470
6331 710576
7328 788738
12 1210
6473 752058
7235 808781
908 105137
3291 429707
380 42913
6916 631683
1515 166994
5883 647275
174 21076
2902 258597
4929 551531
9575 838314
1453 137952
9727 767701
5442 466475
7155 783851
4858 477091
2052 202221
1280 142901
6645 650817
8259 732935
4364 447768
851 81335
4352 467711
9345 893485
9444 1080684
580 55993
562 61172
597 63263
2759 235723
6639 797511
3912 414460
7179 795564
2665 258466
2043 207879
7938 884816
1890 185421
661 58123
2606 257681
3047 331434
1555 131661
7714 760891
6072 640718
2021 171343
7433 847122
742 70880
4385 453916
6248 564606
6580 673692
1576 149686
6109 598924
1561 176919
6072 619433
1583 180665
6077 657070
8246 956362
7180 671220
2288 219273
8404 796253
5016 477232
4250 467468
5895 498336
998 103524
3618 352013
8861 865367
681 67596
7741 716916
5132 511546
6657 653923
9216 707366
2872 275726
7740 666145
880 105760
3253 314976
783 73964
1297 126473
5052 469891
6226 617250
2997 298968
3869 412701
5014 618994
3666 375671
8966 708981
7153 733017
4671 456822
5923 560021
361 36090
827 78146
2448 266969
6569 578886
5743 606297
662 71937
2246 271280
988 107675
4894 517766
534 54408
613 62143
6483 648160
674 63664
6846 680579
7607 709228
5078 491143
2550 218052
1606 152324
8899 952640
6173 634424
1201 111619
5867 554211
1632 164327
3304 298438
1812 191722
4157 388889
4164 440935
6374 537768
5942 636009
8782 783253
2103 215795
2751 302175
898 68314
9262 980895
272 22253
4768 511127
6238 507324
2056 217331
3600 327142
7354 737023
7234 662803
2509 244867
2596 232766
3478 370925
4589 526892
211 21431
9316 941570
2475 247791
3424 326127
8258 970860
9574 998777
5962 594285
1035 105476
692 72317
2058 175754
4020 403922
8267 790563
3457 350122
9531 1002261
5114 601148
7879 672258
8265 817174
507 54867
1946 169810
6283 684468
6372 591014
8699 910970
7583 758551
3644 405607
6690 613249
5176 511981
1869 209239
1154 115514
9815 1015537
8448 766060
8895 865745
738 65508
8586 920887
1999 194483
8986 998935
1431 162588
3095 364642
3448 356795
7652 858284
4342 398274
622 54240
2755 274262
2566 318819
992 107562
1122 111409
9725 827591
3755 316098
5448 517916
2209 228436
6866 744814
3477 360008
5653 463148
14 1214
8658 959540
9825 1113548
698 69758
6499 628012
388 38667
9680 818180
7942 682125
6937 580510
4115 349379
2451 241810
6916 702171
9582 1107974
7236 771882
5907 580397
7727 769558
9082 954088
4155 299992
1678 154401
8267 636819
3692 367631
6429 610201
7344 810183
6374 552471
836 92993
2893 313171
5178 397737
5099 529079
9734 1017709
5989 541937
3995 442183
8338 897071
8392 732423
7965 874040
6915 781731
6672 677568
864 90506
4216 414298
7185 636441
7096 699752
2455 251288
6463 638825
3601 373140
4765 468764
2925 255671
294 30245
3748 371472
484 37542
1116 101361
2733 272461
4038 385452
1425 141059
6312 610949
9765 994716
1897 232194
2764 272595
4643 447889
5151 428640
832 89192
4989 494903
6342 663897
8530 787572
9489 1170016
4683 547980
4341 380734
176 16708
5280 532584
1917 182971
242 26658
9152 901339
6046 671268
1809 150339
7857 763448
6844 618591
8088 812710
8597 775974
4995 508741
6154 549973
8269 929132
7123 722202
8013 653545
1901 216755
3092 323678
5409 508862
8796 824221
3484 374729
679 66402
5710 485619
1046 101521
2610 290917
3991 353993
5965 642852
2895 234581
6021 609524
3314 254065
1110 111152
8187 779903
1770 175723
5656 722405
5408 586062
2208 220680
2483 284526
6406 583159
628 62406
5603 665988
9533 896922
6047 639486
9333 915224
2984 252072
9781 837913
8858 984152
9035 822683
1595 146341
5894 611537
5199 530858
4664 491447
7130 761584
9060 944960
9135 992565
9708 1032971
2866 310666
7464 818687
1848 199878
1259 127279
7311 689217
2685 267235
5452 593927
5706 460772
3265 327610
7668 705815
5329 583743
9784 984117
6451 628675
9968 855922
4295 440415
5235 537620
1741 169881
8590 825873
5862 516371
7726 800820
7055 781478
7555 557649
7876 740959
6135 685696
4658 430679
6503 551429
6284 625649
3483 357166
6296 758333
5711 611479
3329 370519
2322 274449
1658 179062
7296 731410
5759 543468
640 64179
9766 907897
8245 817234
3998 405036
2889 295004
6569 648290
6156 623762
4334 458827
7528 773523
9947 998854
5348 452553
2883 313332
6589 673098
6630 699167
573 60232
1943 223317
1609 167639
3898 370263
7589 785200
6752 658826
2096 197153
7425 800110
9089 870834
3385 290715
2482 245589
8829 872944
7740 763904
6650 658138
8557 893846
4840 554370
1824 165218
1704 163673
9456 1109007
1782 194901
2707 248414
8837 846659
6881 823774
2097 188871
6116 546969
3989 382026
2246 238214
7771 764151
9247 1163245
3196 351827
1657 148920
2054 229540
6636 744101
8499 895271
8515 853159
8670 840484
2875 272867
3866 463749
9874 1088757
4077 451065
5890 650684
3176 292600
8769 888527
4309 430164
3872 372390
757 76912
2090 194532
1769 186296
7397 773759
6833 658303
2751 296436
9263 846927
3141 284975
1042 89856
7144 750448
3897 383857
3264 363220
8627 976830
3249 342877
7899 837221
8331 996004
476 51188
9931 990233
2902 231608
7876 738668
4202 413399
8104 645845
6213 636987
151 14355
6381 514138
9674 957056
1236 133097
4805 493739
5883 583324
9492 1011511
2921 290685
2641 250736
6178 691939
3189 333147
9735 898851
335 29232
689 67724
3216 287721
4868 479044
615 64368
9452 774340
5623 476460
828 96439
945 86417
7539 869843
9353 827433
9179 992071
9464 842165
7390 686923
3342 344118
6912 616835
5562 491476
5142 572477
147 15570
6381 567011
6839 684211
9451 963770
4078 364360
7782 782279
125 11819
1930 212719
9364 1111810
8185 743038
4143 437203
6889 710795
4542 401573
7426 867299
9090 826663
1709 132001
3228 294924
3821 378222
5274 498149
2281 242006
1892 185440
280 28408
3944 418092
6079 668245
3727 404615
1252 110473
7108 755282
4253 393412
8551 940495
8255 840598
1928 172975
3641 399681
6542 634115
6052 611296
6619 543894
2650 237836
682 66682
5195 574120
834 94387
1180 116351
8573 908315
4486 534324
3914 384208
9080 911201
2206 211271
6320 530108
1539 145870
4053 371221
6307 615906
3447 266352
5111 537203
3631 402821
3314 321327
7749 795060
4174 448991
1992 161816
2156 205974
1823 178663
9679 881189
7463 720157
8657 776077
3155 347112
6072 799800
7341 642009
135 12364
4506 466792
3437 342048
2992 256114
7576 828021
3730 350316
8357 789235
8900 872523
9919 1072836
8988 1001794
1659 157262
3374 352134
7941 700073
5818 607778
9480 978979
5537 604388
2774 262012
9925 1063586
188 14042
8692 719640
5436 618251
2026 196127
102 8729
4383 434876
4708 496678
9838 954002
6909 698326
1482 137414
1983 187055
4935 508399
331 27420
254 23466
3063 292546
8221 868291
1399 147758
5788 601419
9958 918540
3190 344186
3783 414653
5095 518901
6771 655013
309 30246
3011 295344
6040 711516
862 81493
4050 378417
1633 168478
9228 965097
8228 695263
2622 290856
1717 162727
9404 851066
7413 828949
6843 839098
823 100373
2746 247529
5077 526909
8390 724645
5800 612077
8467 768007
9811 1023511
1151 126730
4906 492847
