1000
200
10 871
13 1427
4 409
10 891
12 1263
13 1306
10 956
12 1144
6 585
14 1402
7 616
10 1082
15 1441
8 789
12 1560
11 1010
10 815
5 494
11 1181
9 986
6 609
13 1523
7 696
8 710
12 1198
11 1131
8 761
11 1013
10 1043
8 811
10 888
11 1076
12 1001
19 1763
11 1220
15 1676
11 1036
16 1910
6 597
10 1103
16 1776
4 477
10 814
9 924
13 1264
10 983
10 899
10 1097
6 599
6 626
10 825
16 1522
11 1188
8 779
12 1292
11 914
10 1096
13 1196
8 807
9 1086
12 1218
13 1410
12 1269
7 795
10 885
11 1092
18 1903
15 1478
5 463
12 1091
10 967
14 1489
16 1530
10 1109
9 877
6 712
9 836
12 1111
14 1397
12 1267
10 864
8 911
15 1274
6 618
13 1170
5 480
11 1017
10 976
10 1157
9 912
13 1216
10 973
9 913
9 773
12 1005
9 866
14 1497
11 1153
8 766
11 1103
10 887
13 1389
11 1011
9 988
15 1805
14 1348
6 642
9 923
12 1141
7 707
7 699
15 1321
10 815
10 1030
16 1289
9 879
13 1120
11 1106
11 843
13 1420
11 905
9 848
14 1386
12 1277
10 893
14 1470
10 848
8 921
13 1165
5 514
9 925
15 1345
8 738
15 1529
9 928
9 864
17 1941
15 1693
7 712
10 1020
11 1191
9 785
18 1696
6 665
15 1442
10 1093
6 667
10 903
11 879
8 887
10 1047
12 1438
13 1163
11 1303
8 832
7 696
11 1206
8 805
7 665
11 987
10 1059
13 1047
10 858
13 1357
19 2097
8 855
12 1293
11 1138
10 1024
15 1417
11 1117
4 370
15 1808
10 1213
6 625
14 1549
12 1157
15 1568
9 832
13 1162
11 1142
12 1287
14 1568
11 1434
12 1236
8 785
9 816
15 1565
13 1193
14 1429
11 1156
13 1557
9 867
8 977
15 1529
8 857
9 838
13 1579
10 999
6 603
