800000
200
6221 2755903
1249 58703
3824 982768
7764 1762428
8907 3420288
2337 264081
1905 382905
9113 264277
3551 1171830
8136 1366848
62 18600
1250 17500
8062 48372
9867 4410549
8767 3191188
2749 945656
6753 2579646
9362 842580
6806 3151178
208 74672
1577 712804
4654 916838
4966 2125448
2030 249690
8813 475902
1950 292500
487 119802
2587 49153
7460 3468900
833 118286
7562 3546578
9528 2820288
9515 1417735
2789 136661
9796 4594324
2741 504344
5207 2254631
4622 614726
1144 129272
6654 2275668
6158 1681134
7043 352150
1912 766712
9066 1686276
7694 1515718
4237 1707511
1365 498225
8732 43660
5120 588800
335 84085
6448 3043456
3353 1528968
1427 556530
6427 1343243
5288 2183944
260 5200
9013 784131
3322 1076328
2421 220311
8016 3959904
2418 751998
5087 1348055
6955 2524665
7788 3395568
5283 633960
1930 360910
2654 1316384
1633 741382
560 181440
5160 650160
7111 981318
4252 89292
5471 1094200
1045 366795
4563 173394
2198 652806
4774 1446522
3514 1742944
5401 1501478
9269 3364647
7772 862692
4467 1885074
7143 678585
4855 1204040
6397 1068299
4838 1761032
3562 349076
37 12765
5168 2496144
9051 1402905
532 228760
4322 1166940
598 56810
4588 1284640
9647 762113
1891 572973
2355 82425
677 267415
7341 2892354
2306 71486
2794 1313180
1877 294689
7717 2168477
7062 3234396
8845 3122285
7296 2239872
92 37904
2907 72675
2768 539760
1311 254334
9551 2607423
1810 298650
1646 442774
1128 451200
1507 651024
260 12220
1536 144384
4907 1364146
3035 1098670
2929 544794
16 1072
4259 1814334
4930 1705780
1433 545973
8308 124620
5194 1184232
9563 2715892
5446 201502
384 16896
2884 853664
9875 2844000
1816 699160
1497 567363
9092 2700324
9232 4283648
8584 3201832
7365 1318335
1829 124372
176 51744
9112 3972832
5961 1520055
6592 487808
9355 1740030
1448 713864
7486 2537754
9826 2977278
2936 1382856
7982 2665988
449 44900
9624 9624
7831 3155893
9297 3486375
2796 508872
3815 740110
1937 358345
6428 77136
2280 688560
8167 326680
1566 607608
6448 2534064
2447 692501
7469 3144449
4881 2074425
5139 765711
7866 1085508
5140 2133100
5543 1485524
1158 382140
8697 2287311
4307 1253337
178 88644
7508 2357512
134 47436
5338 37366
3914 1683020
8407 4169872
4826 1134110
2855 730880
5378 2479258
7274 2138556
8379 3494043
5503 2701973
2074 993446
1299 306564
1958 700964
8149 1132711
9048 4252560
2298 549222
1796 353812
322 134596
1666 669732
5732 1753992
9235 489455
5924 2766508
1704 804288
7610 2648280
4023 426438
8903 3383140
4533 1473225
2695 468930
