10000
2000
15 1538
9 1039
11 1096
12 1351
9 951
18 2067
5 545
10 1168
4 439
12 1125
5 528
9 951
4 454
8 742
10 867
11 1120
6 513
15 1437
11 1121
11 1124
8 802
9 897
13 1281
8 857
13 1285
9 1046
12 1269
8 825
8 747
6 695
9 826
12 1209
7 667
17 2030
11 1037
14 1427
13 1311
11 1205
10 1063
15 1526
15 1643
10 985
12 1183
12 1123
7 724
9 854
7 740
6 579
10 972
8 862
4 431
13 1272
11 1063
7 677
8 699
10 1096
8 920
14 1535
9 1037
8 878
10 910
13 1281
11 1210
12 1085
13 1327
11 1055
11 1111
13 1352
11 1223
12 1420
12 1344
7 671
12 1282
12 1311
12 1313
11 1108
9 766
13 1387
12 1189
17 1414
11 1216
12 1207
6 632
13 1581
7 743
6 596
12 1060
11 1221
9 1042
9 978
13 1384
4 401
9 857
10 1000
10 893
8 668
7 675
5 464
19 1974
14 1324
12 1240
16 1888
8 799
9 1178
13 1319
16 1483
9 781
10 1084
8 735
14 1782
10 973
9 796
17 1615
10 1083
15 1608
9 869
8 958
3 349
9 1160
10 1163
10 900
8 760
10 1000
15 1541
4 399
11 1235
11 1089
13 1232
6 719
11 1110
14 1605
4 429
11 1251
20 1920
9 1049
7 591
9 812
8 779
9 958
16 1598
12 1244
11 1018
10 1057
7 702
8 709
8 708
10 835
8 696
11 1231
4 389
11 1127
7 737
7 739
10 1006
14 1396
11 939
9 817
6 534
10 1100
10 1097
10 821
13 1460
13 1357
13 1171
9 741
13 1266
14 1667
9 876
14 1413
9 800
13 1182
11 1179
10 1115
12 1109
4 383
5 501
9 891
9 933
11 929
9 882
10 1038
8 782
10 933
8 712
5 445
6 594
5 498
10 1030
6 660
10 1149
4 359
7 741
14 1324
14 1288
8 894
11 1042
13 1410
13 1437
4 388
6 500
8 826
9 840
11 1127
10 1112
7 617
9 922
9 778
13 1300
11 1118
5 519
10 1056
14 1460
10 1057
4 370
7 743
15 1472
13 1171
13 1280
13 1350
11 1060
8 768
8 802
10 1153
12 1203
15 1676
11 1108
14 1326
5 454
14 1465
11 1064
19 1822
12 1448
7 772
4 413
6 675
9 939
8 867
5 432
15 1408
12 1163
14 1456
9 766
13 1472
13 1249
7 708
12 1190
12 1231
9 800
4 387
7 686
9 932
7 712
12 1095
5 526
6 555
12 1237
7 744
10 952
4 333
8 929
17 1775
11 996
5 564
12 1375
11 1246
17 1753
13 1221
8 889
8 746
12 1205
11 1089
3 291
11 961
8 960
8 823
7 728
10 932
8 762
5 453
17 1709
11 903
9 798
10 940
7 696
12 1249
14 1278
9 992
14 1454
5 528
9 917
8 752
10 1105
19 2237
13 1275
9 1012
7 677
13 1244
5 622
8 776
10 1071
7 663
6 612
11 1062
15 1548
7 842
8 720
6 412
11 1143
12 1049
9 848
10 997
7 582
8 817
9 884
13 1396
11 1198
8 694
11 1235
10 1093
6 623
6 597
7 801
14 1548
8 777
13 1430
9 923
9 966
10 1040
13 1247
7 708
9 909
12 1253
10 1002
11 993
12 1386
9 973
18 1823
7 679
13 1464
12 1311
11 1111
12 1391
7 790
6 619
9 826
11 838
11 1033
15 1674
14 1147
11 1229
7 645
9 905
8 912
7 731
6 531
8 850
10 1178
6 544
16 1605
13 1273
9 1003
6 687
9 884
11 1004
8 701
12 1275
14 1347
5 492
8 822
10 1095
10 787
9 1054
9 952
9 1017
11 1267
13 1547
6 511
8 849
8 693
9 913
11 1018
7 563
10 947
9 861
7 748
5 549
9 838
14 1570
4 351
10 932
8 688
6 584
7 617
12 1053
11 1132
5 530
7 613
13 1315
9 934
11 1001
10 938
9 959
12 1459
16 1781
16 1490
15 1331
8 800
8 685
10 811
9 840
8 793
7 674
10 963
4 403
11 1038
12 1032
12 1197
16 1692
7 661
11 983
8 765
12 1160
13 1194
7 612
8 746
12 1250
13 1405
10 1111
8 803
15 1399
10 919
7 632
10 985
9 827
13 1156
18 1929
5 534
7 696
8 740
9 940
12 1191
10 1080
5 482
11 1349
8 771
7 674
12 1276
9 979
11 1030
9 966
7 823
7 653
6 521
9 984
9 910
12 1091
8 915
6 660
17 2039
14 1476
8 871
8 822
11 979
12 1399
14 1291
7 528
14 1404
8 739
7 730
6 635
9 836
5 425
10 1000
10 977
11 921
7 676
14 1560
9 897
13 1338
10 925
10 869
9 768
14 1409
14 1385
12 1044
19 2208
10 775
9 811
10 1000
16 1477
13 1390
11 1129
9 712
11 1078
8 659
10 1159
5 537
8 772
9 929
15 1714
8 757
6 485
5 403
14 1423
15 1344
11 990
9 795
9 1025
10 1039
9 921
9 667
7 671
9 916
10 878
10 852
8 759
8 876
11 1009
13 1449
6 691
6 644
15 1384
14 1351
8 826
8 713
6 536
10 965
12 1181
12 1290
7 741
10 1012
8 817
7 685
6 607
9 947
8 793
12 1085
3 314
8 916
15 1410
10 1020
16 1680
12 1463
8 741
10 1145
14 1349
13 1399
6 572
15 1394
8 885
9 812
10 1159
10 1114
9 901
11 1115
16 1632
18 1970
9 913
15 1641
15 1394
6 601
17 1606
8 763
18 1517
8 863
9 818
11 1070
9 997
14 1587
7 722
13 1278
16 1694
7 596
2 183
12 1120
13 1318
14 1381
7 661
5 563
8 872
7 733
14 1406
8 706
14 1248
5 528
8 690
9 1107
6 528
18 2024
10 1081
3 342
9 1073
10 1024
8 830
11 1183
12 1296
13 1399
12 909
8 770
13 1448
5 553
9 800
6 633
10 1043
5 526
11 1120
16 1755
5 521
9 713
12 1250
13 1231
14 1134
9 816
10 982
8 1009
5 444
10 1010
12 1259
16 1449
13 1363
10 1138
7 671
7 603
3 287
5 578
15 1624
12 1224
13 1181
7 704
7 717
12 1012
12 1263
11 1027
12 1238
15 1540
5 401
15 1614
8 693
14 1408
11 953
9 861
5 549
7 753
4 428
14 1247
10 932
17 1623
9 871
6 614
12 1369
8 894
10 1095
10 980
6 526
12 1251
13 1467
13 1438
9 962
7 715
17 1687
9 884
12 1201
11 1206
6 527
17 1544
15 1388
7 712
13 1015
13 1459
11 1429
7 641
5 481
6 572
10 797
8 763
9 1055
4 398
12 1182
9 832
12 1373
10 876
8 696
4 391
13 1443
7 726
11 1097
10 1038
7 816
12 1227
6 567
13 1165
6 664
16 1623
6 627
11 1082
10 1107
15 1304
9 944
10 945
11 1058
10 1005
7 581
9 910
12 1157
10 965
5 449
13 1422
13 1098
9 928
8 689
12 1116
12 1279
5 476
9 897
12 1094
12 1395
7 674
10 890
13 1377
14 1269
14 1222
5 575
3 321
9 1071
12 1155
10 932
9 988
12 1059
11 1184
8 863
10 1061
9 986
17 1664
12 1321
8 918
11 1078
7 819
8 700
10 986
9 861
8 891
11 1127
9 940
7 718
13 958
8 748
3 317
13 1396
12 1114
12 1401
9 835
12 1005
10 847
8 808
10 1017
9 1039
8 757
7 750
8 770
10 1029
12 1264
9 772
8 742
20 2019
11 1145
8 819
4 355
8 833
9 1060
12 1250
7 701
18 1888
14 1426
7 723
9 1005
14 1398
11 1250
7 708
12 1102
9 772
9 939
11 1156
10 952
9 866
7 725
6 568
8 792
8 800
7 704
8 762
15 1662
10 1065
11 1321
6 624
7 759
8 786
13 1119
7 664
10 1107
9 806
13 1263
8 771
9 1182
8 743
11 1138
12 1195
6 476
9 850
8 719
18 1890
5 435
5 492
12 1328
9 1003
7 575
10 862
7 660
9 916
7 665
7 685
8 777
15 1652
13 1289
8 698
9 939
8 692
4 371
9 771
13 1342
14 1507
4 424
16 1594
14 1519
7 657
16 1858
12 1250
11 1180
8 714
16 1454
16 1481
10 861
13 1317
7 600
11 1303
13 1458
14 1104
7 766
7 715
7 663
7 839
12 1265
11 955
3 308
9 841
10 1029
8 688
13 1291
11 1075
8 686
11 972
7 816
7 800
6 724
5 515
16 1750
6 544
7 689
6 578
15 1330
8 782
6 617
10 1070
5 443
11 1378
11 1131
7 758
11 1140
10 1020
6 641
9 850
4 455
11 965
11 1266
8 854
9 844
10 1037
8 847
8 838
13 1341
11 1002
4 400
9 969
17 1722
12 1033
7 582
10 1202
8 738
11 952
6 559
8 845
9 968
14 1623
10 956
7 739
13 1455
9 961
3 300
8 622
7 662
8 706
10 1096
11 1355
7 648
10 1149
8 706
20 1839
11 1001
11 1104
9 815
12 1267
12 1152
15 1651
18 1334
7 726
14 1439
9 803
13 1617
11 1142
9 868
11 937
9 897
10 1079
17 1508
10 817
11 1239
8 880
10 881
14 1590
13 1035
10 943
12 1117
4 378
8 662
7 737
15 1558
9 906
13 1312
13 1363
4 365
16 1858
11 1257
8 807
10 1024
7 622
16 1594
7 797
6 552
12 1389
7 679
8 845
9 926
9 898
16 1621
14 1256
8 848
12 1297
8 780
14 1387
8 783
13 1260
6 548
10 998
10 1004
11 1222
6 665
18 2059
8 821
8 796
8 802
6 575
13 1150
9 963
18 1583
8 792
9 802
11 1187
8 790
6 586
13 1210
7 618
11 985
8 679
14 1470
8 899
7 693
10 830
16 1817
7 523
6 660
13 1420
7 618
15 1378
11 1079
14 1251
11 1097
9 904
14 1375
8 654
10 939
8 726
12 1111
13 1124
11 1123
8 671
10 910
14 1383
12 973
11 1094
12 1187
6 540
7 743
7 774
6 630
11 1046
11 1112
6 651
8 774
8 890
6 499
8 661
7 782
8 860
8 872
8 798
11 860
8 792
11 929
11 1135
10 1114
12 1284
10 983
11 887
7 693
8 668
10 1015
12 1174
8 610
7 671
8 863
8 843
10 1015
13 1398
7 602
11 1153
14 1492
8 752
13 1367
5 506
8 712
5 566
4 404
10 1141
12 1179
18 1809
16 1747
12 1272
9 839
14 1421
14 1714
7 705
6 482
10 1134
12 1174
10 1009
11 1153
10 986
8 829
8 805
12 1465
11 969
8 790
11 1100
11 1258
7 731
10 860
8 824
8 829
12 1346
10 1034
14 1296
7 800
10 808
14 1573
12 1279
10 1065
9 911
12 1095
15 1826
8 697
10 1050
9 754
6 557
9 808
11 1034
11 1134
11 1017
10 1051
16 1626
13 1108
6 602
11 1074
11 1166
15 1548
7 730
9 878
11 1043
7 613
15 1225
12 1208
14 1182
7 655
8 807
13 1464
9 946
9 997
9 832
8 856
11 1143
8 821
10 1060
9 839
19 1880
8 796
12 1057
16 1607
13 1358
6 632
13 1077
11 1168
16 1563
8 901
11 1202
7 717
13 1257
16 1491
11 1053
9 1030
10 1071
9 907
6 667
7 555
7 690
15 1619
10 857
6 550
9 816
6 674
6 667
5 553
9 817
15 1562
14 1439
7 623
12 1315
9 830
4 398
11 1226
6 522
10 1113
11 1157
10 1008
11 1086
12 1516
9 914
11 949
13 1514
8 737
10 1257
7 653
7 732
7 723
11 1071
10 1031
9 942
9 911
12 1236
5 505
11 1121
7 779
13 1274
12 1300
9 879
9 943
6 675
9 803
14 1491
7 596
8 826
10 996
12 1141
12 1124
15 1313
11 1155
12 1235
17 1843
10 938
10 934
17 1499
10 964
11 1072
5 445
9 931
10 1088
10 872
11 1044
12 1281
13 1196
8 862
9 869
13 1175
9 833
9 927
9 876
11 1111
9 764
14 1534
12 1270
12 1139
11 1089
12 1459
10 941
11 1281
10 1053
13 1422
10 966
11 1156
4 416
7 693
8 802
6 577
10 1036
12 1351
7 634
9 919
7 853
12 1188
13 1116
8 723
13 1073
6 585
7 720
13 1286
6 517
14 1122
8 768
7 596
13 1412
10 1032
7 660
7 633
11 1169
10 919
15 1613
5 497
17 1853
12 1152
11 1044
14 1368
8 882
20 1940
13 1259
6 561
9 924
6 575
8 778
4 441
9 962
9 890
6 537
11 920
10 1112
15 1751
5 591
8 730
13 1200
12 1307
10 1171
10 847
4 423
6 651
12 1240
13 1223
11 1188
8 751
12 1291
12 1161
8 876
13 1160
11 1028
7 659
8 888
13 1196
8 773
5 499
8 635
8 933
11 1238
4 381
12 1137
12 1143
8 867
7 703
9 1059
5 510
12 1104
9 871
13 999
11 982
10 1008
6 569
6 394
10 998
12 1365
9 836
11 977
12 1131
8 779
9 831
6 466
10 847
10 864
9 852
8 734
7 790
8 803
13 1447
14 1211
7 742
7 734
12 1210
13 1182
10 1038
6 583
5 566
16 1623
20 1949
12 1228
15 1424
8 758
7 663
11 1059
7 660
6 599
9 806
13 1405
8 726
10 844
15 1553
15 1366
4 380
9 1043
10 1032
12 1075
10 1007
12 1224
10 952
13 1317
9 795
14 1378
14 1651
9 999
8 720
9 743
7 815
10 1103
9 960
20 1660
6 607
10 1017
8 714
10 1097
10 960
12 1213
9 1073
14 1568
10 964
16 1782
13 1494
11 1173
10 801
9 873
11 1039
8 938
12 1161
7 699
9 906
15 1689
7 637
11 995
11 1065
15 1720
12 1003
13 1299
10 842
7 645
11 1141
6 650
5 531
14 1342
12 953
5 555
7 670
9 1000
13 1288
6 483
9 824
14 1497
13 1289
10 1120
17 1857
5 470
3 270
10 981
9 1060
9 814
7 675
7 794
14 1171
10 974
10 1032
8 884
9 972
10 1088
9 990
7 625
14 1491
16 1532
6 525
10 954
6 721
8 919
8 878
8 906
11 1154
3 352
9 783
9 905
9 960
7 736
10 1084
5 426
9 812
12 1554
9 960
9 972
13 1271
14 1270
7 774
5 478
11 1039
11 949
13 1163
9 980
9 958
9 862
17 1497
11 1122
6 664
7 709
8 797
8 795
11 1168
8 621
10 1094
2 183
14 1392
14 1610
12 1043
8 818
6 624
3 289
8 790
6 611
9 997
12 1145
8 843
9 880
7 724
17 1956
6 688
9 834
9 745
7 700
13 1138
11 1024
10 1073
13 1198
5 541
8 664
14 1540
6 475
14 1341
8 719
12 1125
12 1221
11 1268
10 1046
9 927
8 715
11 1047
12 1351
6 609
13 1345
9 943
11 1124
13 1150
16 1612
13 1308
11 1023
4 356
9 935
10 817
8 740
10 1051
6 562
8 919
9 848
11 1134
9 1047
12 1084
9 1030
16 1734
13 1101
16 1525
16 1420
14 1549
7 640
10 918
12 1058
14 1514
10 945
8 830
11 926
12 1236
13 1255
8 779
10 973
9 982
13 1433
11 1226
18 1957
8 693
16 1685
12 1215
10 1039
9 781
8 946
8 752
15 1598
9 821
8 839
9 573
9 1019
6 539
13 1225
12 1350
8 778
10 917
12 1147
14 1265
7 701
7 691
6 609
12 1127
12 1262
9 934
8 876
9 887
8 828
13 1273
7 766
13 1454
13 1114
6 679
5 469
8 833
11 1102
10 1115
12 1129
8 760
14 1443
8 766
4 410
15 1321
11 1226
5 499
13 1268
10 845
12 1166
11 1076
13 1013
11 1147
10 1055
7 579
13 1338
6 704
6 620
7 710
10 1023
9 956
14 1402
17 1559
10 892
8 893
12 1035
12 1268
9 865
12 1211
12 1139
8 625
13 1203
5 542
4 411
6 617
6 738
10 954
9 972
11 882
11 1091
10 1049
12 1251
10 1077
10 843
13 1531
5 441
8 629
10 1128
11 1137
8 909
9 920
12 1153
10 1086
7 620
14 1457
11 1070
10 847
13 1292
6 541
13 1355
10 1012
8 797
11 995
12 1248
2 228
7 690
6 560
15 1506
10 1211
14 1370
3 329
10 809
9 881
13 1438
18 1864
12 1145
10 1219
7 694
13 1296
12 1470
15 1203
14 1255
13 1193
6 552
10 986
9 938
11 1106
14 1327
5 529
10 1125
10 1061
14 1526
15 1557
14 1140
8 718
6 664
15 1853
3 329
7 708
10 1116
9 979
10 1012
10 951
12 1226
6 509
10 1029
7 742
10 998
8 805
13 1229
9 880
11 1355
14 1130
9 848
10 1149
9 970
16 1343
10 1080
11 1298
7 683
12 1469
11 1118
12 921
7 805
10 865
6 607
15 1584
9 910
9 880
10 1107
12 1218
7 794
6 567
11 1214
10 1042
10 1094
8 790
11 1009
12 1132
11 1150
11 1224
10 986
6 602
8 689
10 1075
5 623
10 1058
13 1385
13 1335
7 683
10 1020
12 1227
9 1022
10 973
11 946
7 668
10 966
10 999
13 1443
8 702
8 736
10 905
9 822
5 473
6 526
11 1247
10 1108
15 1508
9 897
9 914
11 1112
16 1645
13 1297
9 869
12 1162
14 1377
10 1030
6 593
3 339
11 1150
9 956
12 1157
12 1218
12 1208
6 621
6 604
9 957
10 1035
10 901
17 1622
12 1097
12 1290
8 763
9 1039
12 1028
12 1314
4 362
8 870
10 809
10 1172
10 1087
14 1151
16 1593
8 854
17 1752
10 871
7 645
10 1078
13 1458
17 1665
9 1019
9 1028
12 1246
8 694
10 975
11 1315
8 895
7 603
10 973
12 1308
7 629
11 1081
9 920
10 1087
4 449
12 1097
13 1010
10 845
9 994
8 894
8 827
10 1104
12 1381
16 1608
5 534
12 1142
8 792
13 1119
8 884
10 919
11 1200
13 1200
9 956
11 1163
17 2007
13 1446
13 1513
12 1061
7 771
14 1285
9 1020
11 1064
9 1063
13 1248
13 1429
10 1174
10 1036
11 1294
11 908
17 1427
10 892
3 330
11 1082
9 923
6 621
13 1296
8 785
7 592
13 1313
8 785
8 852
7 668
11 1065
10 930
7 698
11 1189
10 915
4 316
12 1111
9 921
5 419
10 872
16 1517
9 919
9 834
2 230
17 2015
9 897
13 1365
7 710
7 745
12 1180
13 1287
11 1051
13 1306
8 697
6 553
8 752
13 1405
11 1097
14 1421
10 961
8 844
13 1301
11 1282
10 1158
11 1030
15 1647
16 1672
8 842
9 878
8 873
9 867
12 1010
10 825
11 1147
8 840
9 899
5 527
11 992
11 1252
10 897
8 697
9 963
7 659
9 837
10 960
12 1114
12 1175
11 1082
9 817
11 1154
12 1393
7 829
14 1162
8 806
10 874
9 1029
10 1165
10 802
5 523
5 520
7 802
14 1284
8 788
4 346
6 596
14 1409
13 1302
13 1114
12 1273
8 776
4 448
8 907
12 1179
11 1246
6 580
8 763
12 1278
11 1075
13 1312
8 967
8 862
11 1167
18 1570
10 946
7 726
12 1112
13 1382
5 529
6 637
7 588
11 1045
5 497
7 574
8 669
11 968
12 930
6 517
12 1133
8 894
10 1030
10 1162
10 1157
11 1100
9 893
6 555
13 1368
7 698
12 1151
19 1691
8 676
8 828
9 972
12 1379
9 860
9 760
9 692
8 841
11 1190
10 1054
8 847
8 923
9 947
10 1035
10 912
8 711
14 1431
13 1739
10 893
8 844
