1000000
2000
644 75151
898 104355
333 32845
493 43997
1610 143828
1843 201841
974 98114
764 72162
801 72915
1967 225331
1031 107492
1915 212941
1228 139831
232 22336
1218 113326
2576 257227
392 40731
928 84399
1035 104454
674 55852
923 79978
407 32705
1800 179022
158 16080
2585 235306
808 83416
1267 128132
1097 125921
455 49328
575 59580
1853 168807
1377 147289
1389 128799
918 90761
1045 110388
389 29960
923 92801
190 21480
264 23754
357 37818
1094 121961
1465 153771
280 32274
1372 151522
1373 129464
1007 114118
383 38231
1231 136978
613 69224
782 90913
1474 166515
173 15956
1470 135413
181 16471
260 24033
1248 141582
1799 160268
827 71067
496 48750
1385 138879
1375 141119
600 56983
336 35627
1022 101751
86 9548
509 42083
444 39704
1131 113818
1684 186622
204 20307
1026 95949
726 67236
424 49121
812 86418
502 57226
628 73330
461 46975
1482 175594
151 15953
1519 142484
1236 116229
1718 131844
781 80642
944 94228
2741 251101
1482 146885
1121 116991
65 6532
1323 94582
460 44965
1242 136107
829 82107
613 59852
759 77013
707 71997
229 21611
3295 318997
339 38572
1095 106303
644 71600
844 77169
1141 112702
971 96513
718 64830
574 53892
1037 93316
1763 156203
1111 106984
763 85034
535 60480
1548 185727
2209 226823
2073 215665
909 92693
2179 235144
584 55472
1976 233413
1345 113016
1430 148976
376 34552
416 39381
1174 108253
547 46401
994 103863
1815 182964
974 110155
1061 99762
2251 245894
2455 221480
1015 95609
3044 318073
641 69710
1634 177162
264 24688
1030 92752
426 38946
926 107510
1209 139040
52 5350
551 62829
291 30483
996 81084
1121 120929
694 74555
533 53430
1450 170025
403 39308
2025 191979
441 46101
582 58360
315 29791
592 62661
60 6616
73 6698
1793 179709
1608 164676
277 30038
1501 117056
1781 168168
666 63781
1137 105775
392 29265
414 39262
1232 109697
151 15648
992 100824
1168 127379
1016 85609
1488 173782
165 13258
340 30802
1861 195115
1121 119722
921 78278
447 38652
338 30301
616 54962
956 111280
722 65670
526 46710
288 33883
1876 165991
1239 124667
160 19369
3328 275122
2078 191997
244 23666
328 30777
2489 259636
1288 121596
3880 357338
1271 135571
438 42486
1442 134726
733 80425
734 67630
677 77901
223 26457
1153 123004
1267 125311
564 58089
2062 240307
421 42363
321 35789
1083 102406
1258 106732
1128 111140
1445 152120
1483 151269
625 60313
900 92417
1281 136135
555 62098
795 94751
1016 119394
671 64961
855 76192
1131 106544
950 103423
107 10670
661 64673
702 71535
1196 123553
627 69465
954 101118
129 12998
806 73911
389 42177
966 91043
513 56026
114 12052
2077 220775
1236 132625
651 59910
1187 129261
2742 279298
1725 210263
536 55251
543 58248
266 27263
2917 274395
1076 106828
1168 120874
255 27553
1348 136743
615 61333
2649 233426
614 64261
1166 125694
2233 192326
1629 165750
345 33049
1584 147141
375 43635
352 37526
1273 120459
694 75258
1333 130304
1918 194453
1852 192620
2333 216503
1446 181369
746 76421
1020 91226
317 34994
1501 149355
850 91522
1273 141486
1594 162989
138 11003
835 74263
116 11386
3687 376595
54 6063
2851 239580
2919 322113
631 62065
191 19343
955 106027
556 63503
488 49738
374 41674
551 52604
678 64942
229 23874
1101 103406
1690 171906
529 46101
983 110594
938 87889
1644 163692
882 84137
775 72339
888 106009
144 14176
1205 136945
1062 110576
1453 136975
1418 139114
684 63614
413 44580
91 9400
406 35979
207 16416
842 91733
1440 163064
1368 132644
511 43149
790 78580
981 93150
142 12603
1526 146351
395 39168
1186 109725
451 48451
1610 171806
2275 195173
619 70720
2374 219818
1427 134943
3055 353215
657 62404
1350 137367
360 39364
450 45751
2129 229090
1156 107992
623 64940
791 68879
704 66524
289 28774
1025 90502
192 20972
2582 262761
1030 85519
834 80531
1214 114786
1017 118362
197 16464
36 4006
2023 180385
785 73530
1602 165162
1231 126405
888 77371
432 50411
833 79942
1094 124744
737 84273
1885 197682
871 81623
566 60289
814 77048
891 81839
1340 138401
346 29394
716 89543
887 114393
1665 167545
3414 375628
1017 96514
1133 107119
1099 111836
2026 245410
125 14045
943 87534
958 93841
2018 196954
1507 152726
739 84636
2134 253369
794 83371
982 92413
447 42330
436 43245
252 21297
1038 105867
952 94180
396 43311
1766 170205
276 22009
699 70677
195 18492
1404 143910
606 62977
1760 170986
1149 127890
1145 106744
413 43356
1027 100220
1238 109612
468 44755
633 63329
2655 297873
356 29283
1799 198902
1971 191594
533 58945
1552 158785
481 41070
157 15362
2084 229251
811 85524
424 43887
284 30629
296 31673
728 73270
1251 135088
498 51871
2389 231593
394 39607
201 22851
2065 184599
572 50356
1265 120688
1189 122943
274 29807
602 50420
636 61850
726 70572
637 58958
1847 201018
586 59929
2336 245355
710 65605
897 97724
326 30407
756 70935
317 26462
89 9858
808 95013
681 71400
63 6083
561 60187
1994 175196
1874 227933
4428 403531
48 4523
799 88293
363 40572
2093 208044
840 87005
290 27554
1780 169445
648 61738
2001 215558
160 15026
580 48594
2724 289105
84 7305
989 92717
743 72233
1550 153713
1202 121572
1806 185268
622 62655
1290 110284
858 80793
927 79898
2319 242291
1205 113797
209 18880
754 71579
444 47797
662 64642
922 95925
348 34638
1222 106440
1845 186068
248 25247
1860 205039
600 56531
1000 97984
353 38950
830 83367
1250 117626
366 33639
109 12523
1512 151365
592 61804
755 67739
1216 120105
330 33757
1401 134236
404 41758
3439 304140
1740 189532
245 27434
1238 109542
230 22441
483 46259
1237 134908
561 57911
1107 128314
294 32731
1018 108419
377 35691
626 59543
2386 244641
1329 119579
674 74164
1778 159051
1585 131673
2415 280815
1899 180200
395 35246
1470 148111
1250 110879
292 27085
181 18368
1702 144914
729 90046
154 14055
814 80416
507 50803
1363 178235
788 76625
896 85854
708 62062
236 23051
785 77228
521 48885
354 40472
2775 307034
1976 179957
672 68501
771 86196
1720 163080
941 95568
967 88966
258 24100
276 31747
2054 207501
1305 143131
958 78996
270 28808
482 53733
1713 179894
393 42227
342 36556
1264 109585
662 63146
1297 121664
318 25257
1078 109638
1125 129388
3116 343501
1813 191725
1649 152349
223 20698
659 59672
1080 115688
1965 168890
1165 132434
1129 119097
250 25429
1706 128831
1309 144426
351 42755
202 22967
3208 315330
447 38508
708 72124
284 26104
479 44375
668 49105
1129 105894
751 82515
812 83100
870 102012
890 87851
382 37610
2340 262494
857 101357
1331 125203
2755 284794
2586 280571
1759 182520
690 80670
773 80192
392 38688
1250 142303
780 71963
1397 134226
456 46127
1130 116492
429 42504
113 10270
430 38747
2132 225460
1052 95663
1790 167527
1135 108821
574 54970
1537 152111
1044 107214
581 56340
264 28402
378 30082
60 5418
416 41929
402 34677
695 76160
723 42408
112 9997
767 80442
167 17204
938 90286
143 14432
861 81784
768 89445
351 35403
395 45325
962 99758
2099 236468
539 48602
966 105013
1185 117638
1321 158532
926 94207
756 94499
638 63049
2732 259442
236 23075
707 75844
65 7000
178 16899
971 106205
319 33616
1706 159189
1028 103954
277 24583
1918 200257
230 24282
1640 164986
972 95736
1575 174674
1276 140379
347 39030
453 34995
322 25452
1347 147368
297 29870
906 85117
443 42622
1764 168193
155 13753
743 77629
475 56236
1724 181222
890 83326
589 61651
540 40591
1536 142306
635 70650
1120 87297
607 62110
557 54931
1036 124059
1776 141074
1670 164572
901 84709
1219 115930
345 34619
300 24130
634 69333
307 32175
307 23703
2819 264643
746 75629
1139 111607
311 29171
932 88263
2186 216212
719 76136
170 17853
144 16611
1156 109005
3395 285577
513 37095
1323 130276
1178 142963
1097 107443
962 94046
154 15688
819 84714
152 15253
1542 145269
1297 122901
486 56130
335 36119
387 38473
1057 107602
1201 116018
4454 489411
434 36341
278 32564
900 84596
174 14895
1120 114170
1263 113711
1400 143772
339 34567
931 87778
967 93087
1371 142575
640 61912
1166 121550
412 37114
682 58878
733 63030
414 36556
1452 166601
433 39536
352 31526
1577 161194
533 44639
158 16013
150 15417
176 16700
1684 182248
862 92395
253 21160
2168 236048
1940 199877
1549 160953
2873 251435
150 14166
477 47445
1072 109005
843 89266
641 69630
1377 147298
970 83915
449 46309
1065 104472
1206 114975
380 31837
1450 127096
648 67506
1885 168070
857 79660
352 35907
1516 185011
1406 152414
2071 213666
1071 105999
491 42223
894 99482
500 44439
858 91427
1963 157337
120 10956
473 48639
1426 142396
2218 223979
894 78707
654 63271
322 31595
2061 215095
1718 161481
3093 320039
382 37153
1913 211516
1563 176498
38 4185
1068 116439
1251 155717
759 83898
1054 108090
1571 145378
405 39305
241 22957
1080 112215
64 7073
124 14990
753 69895
735 58646
459 45124
536 47687
158 16340
1709 170860
1073 105619
174 21244
541 48872
506 54660
307 27204
1095 92679
224 22530
1215 104282
1214 109850
1055 87332
1770 181791
1201 119869
724 81405
642 58251
1982 191234
705 61588
1256 128205
1639 184666
1255 128914
1269 123040
4688 376414
739 73293
294 29299
378 39170
382 37929
705 83056
143 14406
606 70627
305 29848
2245 220238
730 74332
3232 374763
924 71987
607 57100
734 74990
2748 268282
969 95152
1823 177741
536 56451
444 43266
910 97707
1062 112683
1463 154719
1005 91703
1494 142499
539 48845
772 92683
867 91170
552 67080
100 10311
2800 292284
250 21020
3174 277922
1005 109566
326 29957
1227 131557
341 37488
482 59996
761 73552
335 35320
1547 125987
1736 159526
560 51221
705 73024
737 73715
567 63279
1496 146116
2905 295425
3653 338875
509 49650
348 33127
861 98896
431 42281
1288 112142
1472 153337
432 42513
2754 273867
1049 96889
2782 278921
1149 110521
437 44769
165 14888
1215 117615
2159 274762
2451 276305
2105 207761
555 65020
823 88353
1052 116452
1378 141339
1112 100366
2342 281272
1674 149735
228 23917
225 21497
455 49470
1865 176882
259 20697
1468 163519
1522 130112
577 57995
631 50606
384 41880
461 54488
1385 140940
697 69905
2471 261343
744 61156
2449 234081
1034 98152
126 12706
2436 236979
1122 105258
1084 122875
705 56397
805 85524
940 91646
250 26819
43 4212
235 23661
2048 187955
930 89145
522 50950
452 39942
1023 105639
258 21237
428 36423
1422 144602
830 76081
912 83930
474 45713
719 75237
869 84769
1027 86528
1589 172640
1308 139205
1237 145831
1164 95972
272 24928
1267 123249
201 21271
636 65353
841 94831
1460 159071
1208 128365
958 100679
944 83152
2832 269992
1174 119612
653 67806
774 80748
955 99397
881 80220
517 48868
282 28118
1006 98498
1030 93539
698 67146
2497 225168
3122 385925
1145 112161
803 88907
248 24138
649 52383
604 58453
1074 98678
624 57897
2156 195153
227 22919
1765 160066
1301 122243
205 22149
278 26598
1232 125824
2104 251525
811 81651
1613 150133
1575 151465
99 10365
296 28848
888 94288
665 70678
565 50370
778 67621
187 23204
276 22738
1294 120118
487 49152
818 86666
1077 117928
339 41253
486 53783
573 53277
203 22698
713 57761
2844 328862
842 78643
543 51090
2613 266494
644 63637
1070 125597
348 35787
256 28870
1734 144663
517 49472
220 25302
807 73197
1420 133070
904 79875
1085 86402
2390 231031
1181 102764
919 74343
1190 99444
2081 178502
1334 152110
1079 127312
1637 168103
984 85478
674 57087
143 13473
1024 88153
426 44704
480 45485
666 65446
489 47753
258 26585
992 117424
1058 99017
1016 107440
1258 133442
1243 103101
325 24574
1500 146355
899 80946
3179 373124
921 103472
888 84740
1256 118554
524 52347
1371 130952
698 78117
1172 109357
1561 163589
3136 274809
799 86854
727 69397
1403 140746
996 99694
722 65921
3671 314136
442 46542
748 81334
90 10768
823 77438
1117 113395
1120 129826
716 76992
403 39242
1114 98958
1925 204696
1319 136958
1225 115729
1376 142242
762 76855
502 50069
2080 202173
209 18388
2319 238017
455 46612
495 51246
100 9482
140 14723
987 89214
1940 221986
4130 393655
446 42103
477 41626
1732 191054
322 33484
767 74149
1417 153635
825 73142
259 27395
1355 103911
3877 407600
1030 97702
186 20882
442 48132
1283 139923
2026 152979
3559 403522
1570 134311
691 63679
328 36841
475 50025
268 27542
873 100607
802 81420
1702 162714
967 100566
791 88507
614 51628
764 79564
1466 150959
553 60572
639 60799
537 54779
520 56029
753 72447
3164 350067
772 78678
543 51079
304 32224
1561 140159
3015 355725
1168 117604
1598 123741
269 30854
593 52292
2190 226419
1903 176851
809 72181
852 75306
1605 172953
1021 92502
611 67067
105 9732
1157 124131
1439 145182
772 83418
2225 171147
2822 302370
2042 210535
532 50906
309 33267
1003 89375
484 49979
1001 109749
1297 125055
755 76828
356 31348
1689 173682
494 46972
553 54172
798 90609
1380 114586
290 25070
808 78809
1324 146712
481 46869
217 21306
2306 190848
1927 158367
998 100740
959 113992
258 29661
687 65859
516 54861
660 54544
634 58574
1085 112273
2468 246300
1157 102178
1436 130127
1615 151136
1006 97381
768 71071
723 66361
481 37593
81 9754
1732 172505
3188 291214
350 34066
397 39042
177 14339
2136 257895
1682 149460
3076 313699
630 60460
456 50716
483 50999
446 47192
1254 140632
714 68620
2720 255762
1458 141845
1352 146019
1309 136486
515 54241
447 50028
209 20889
501 52059
1026 88636
832 93996
1515 146072
810 69631
425 45518
1440 175141
517 54144
1400 153854
702 69878
532 45883
66 6589
996 94779
804 64084
51 5084
748 64806
1135 121741
159 13269
703 73140
579 60219
1220 104878
524 56898
602 65938
2223 272724
354 37869
457 34574
1515 151514
1695 193546
683 61244
2050 181290
243 27242
713 77551
1266 122969
879 88737
1085 125945
248 25634
393 29574
172 18170
284 29491
1566 165628
943 99490
424 39633
663 67046
1220 115018
580 59486
1154 105420
278 25842
897 105590
1520 144696
849 79725
272 24926
1404 161025
643 55804
1104 105936
652 63394
753 73216
1709 186883
505 50786
486 53778
216 22988
321 32908
956 90535
536 57701
468 46390
1182 108303
2115 230217
804 80045
397 38548
888 83955
1039 96346
528 43189
386 30928
465 40847
2259 209023
1649 121092
1226 125138
149 16116
541 54298
2192 193593
1338 146058
3209 324675
1172 133704
780 71030
529 57718
1109 102126
1007 102297
1103 118049
652 78185
568 46482
442 46858
1012 82110
1785 188532
932 92754
968 110704
841 83424
751 72136
377 37945
908 95130
772 78227
526 45779
224 27023
1154 114438
74 8245
874 89913
968 110109
3655 430511
1530 129957
496 51045
266 26252
1378 145056
1689 184849
1263 127252
1399 157863
611 68614
153 13835
2223 228713
811 67104
472 47114
1088 118920
984 105353
870 92785
301 26400
695 50461
1829 181788
906 102438
328 28883
1431 135912
607 65588
427 43462
270 28452
188 20976
515 51730
180 20441
1640 162750
1577 162486
762 70469
701 64080
558 51718
759 78622
1117 87027
510 64955
336 28077
711 63800
521 58428
2699 330224
1964 177387
463 45901
740 77718
295 31384
291 29341
2731 283821
403 42032
73 7427
536 50335
2152 196153
1329 122867
639 60204
1628 142762
379 39083
263 23187
829 74475
1009 131186
171 16943
284 31567
1100 120927
239 23931
677 73819
1002 108271
1291 135696
850 77320
770 66984
1316 134348
965 108545
512 50966
570 61262
2051 215315
902 80823
940 84944
787 93752
1064 106375
191 22001
1703 208230
602 55523
168 18355
1105 95801
855 81218
604 54412
992 104584
218 25138
501 49178
920 93311
612 64155
454 48684
1680 184654
896 97957
1637 179890
1803 163997
351 38193
315 35619
1460 149048
672 67469
1744 178401
1025 110390
505 56934
1872 231198
997 108696
2068 224614
974 95261
1132 122154
1904 213453
1896 174160
769 81579
1853 185745
2449 274801
195 21576
809 82328
698 83549
1853 172191
661 64112
339 37266
428 38461
712 53312
289 25786
1257 113616
1195 119163
1204 143781
1620 160779
2002 210688
1681 173523
520 47180
1039 117966
1326 126813
409 42646
707 70695
997 97943
675 66391
1272 140217
1224 123049
258 21871
988 86418
443 41175
1888 172780
1085 135230
641 67768
642 75275
685 69216
1956 202557
1313 89588
1889 189528
1102 116490
1671 182491
281 28289
119 12699
196 18766
1207 128340
448 36768
231 25884
240 25664
944 93189
1010 93848
610 66856
1738 140907
638 60344
405 40790
633 59908
783 69400
829 73615
1298 101733
1062 109509
655 55786
1004 114180
1472 135792
1299 136428
735 87533
726 75258
90 8952
249 23190
1499 150040
148 16982
1161 119282
506 46213
451 49612
333 32783
652 57731
1124 108199
931 82783
720 73560
363 34468
409 31698
590 58232
389 27235
2523 295986
259 27065
796 72516
951 87585
787 96005
370 34902
475 50574
1090 90830
1873 200605
500 47782
453 37287
568 54443
844 81037
606 65509
1724 189606
1068 100424
3095 351199
830 82174
1778 168179
1308 107340
1283 146175
1105 124590
531 59798
2499 249101
1766 168743
990 116286
415 46385
1989 201944
1419 147814
675 66533
520 46507
918 97104
843 70215
134 17283
2184 218617
335 41763
340 38886
400 42254
1167 117286
1885 196500
644 62258
1936 202115
556 62715
606 53386
1222 121348
1701 164059
487 48782
450 45923
276 26517
282 22104
221 22493
1875 196592
121 10814
816 98530
512 48187
2879 327727
1065 95955
278 25939
784 85197
1254 121268
651 51291
1163 127454
1275 131086
1278 135356
683 80913
1861 196658
519 57356
881 81166
287 34695
1303 127063
984 102773
556 61971
1575 155238
1804 156076
426 41181
1658 180628
625 61389
1003 125148
514 55121
834 98819
249 27754
407 46438
418 35501
304 32436
2038 210888
417 36495
789 80885
3351 261762
83 9643
1258 147323
368 38208
2074 185646
1792 180310
919 105629
1268 148165
1357 140563
2318 210064
1542 179965
866 93005
1234 129661
455 37987
2273 217735
26 2421
312 32638
1625 158245
1042 109799
196 17842
1857 182051
1272 111204
645 67788
2153 191290
1394 140690
465 33018
1444 158626
2823 267533
2489 235196
1414 147209
862 80987
362 30625
168 15043
1394 137144
1051 106696
702 71349
493 51802
648 63600
642 67990
634 62719
710 61869
1379 135057
1125 115945
3385 320554
270 27006
264 29846
1093 112158
1124 130169
298 24326
205 20915
148 15608
381 33464
385 32284
633 61345
159 17380
176 16612
539 51626
663 74874
621 69096
323 30991
2308 208090
931 87963
441 44045
1861 175870
286 31581
883 92148
1662 170601
320 32713
977 101686
1487 160147
1209 119761
180 18228
1290 120633
792 76711
695 77708
383 43869
844 84306
1281 126171
2133 205936
817 75457
744 70020
488 50905
1226 138684
480 43137
538 48599
997 107282
1718 178720
3117 325834
1859 170656
493 43693
523 59741
949 94843
431 47217
336 32908
427 44408
800 78413
2219 244160
648 60129
1444 149845
301 31169
919 84675
362 34565
1394 151694
1106 102662
1147 119252
1889 172976
1317 122664
386 37342
1728 175183
763 83738
623 65635
1409 161557
307 30244
1095 110137
578 62845
1498 126678
967 102412
337 33702
1710 180575
406 43851
788 82005
1721 152325
931 74175
582 46713
1518 163575
1150 105833
1584 139986
1022 105628
549 69165
980 111557
2247 196551
2312 247958
1104 93937
2345 216365
1627 154735
410 42001
533 52423
376 38430
894 84777
1648 187495
120 12050
1298 133201
1020 109976
922 72313
449 51928
2582 176373
127 10139
687 51411
1094 112192
1680 172368
1265 122790
2692 270447
462 46377
374 36876
3626 355078
2154 184984
852 80652
945 90509
1274 116772
267 25450
429 40375
601 59712
523 48690
1069 115169
313 31334
425 44081
2431 259859
923 90495
704 70067
681 65689
950 97974
998 100041
1871 181115
1390 126420
3486 360228
1296 150292
587 52222
1286 129671
728 74974
495 47462
205 19758
642 58134
289 30803
1142 121428
372 37734
2962 268832
1152 107021
201 19745
1451 152072
1818 173563
498 56497
258 25742
415 40510
1370 116925
989 110326
415 42521
311 35984
763 85568
1720 141464
649 64249
134 13306
1077 94681
1069 105189
674 73251
402 42670
786 82743
1009 93878
1018 92310
918 89564
845 88934
2509 264207
1019 97460
2395 205173
394 41116
1084 94189
756 77320
1606 150281
505 57044
932 90481
375 38917
1036 118919
123 12574
1284 117551
777 82473
675 73486
514 49955
1196 125961
463 46713
347 38396
797 80068
1722 153813
1009 103889
784 74926
1275 154939
931 82440
674 64452
61 5687
1278 131286
683 71817
359 39528
2019 168944
671 79261
693 73401
930 88774
13 1312
1209 128416
1275 112223
835 79664
1640 149948
2198 226354
1124 101720
1266 114733
779 63217
1000 99749
697 72946
702 65261
796 72901
823 74910
356 25110
792 83089
105 11561
893 86864
1021 93246
993 104820
381 36847
1933 191887
675 70942
1214 128353
382 31576
814 85555
368 36441
225 25114
424 38427
1567 137903
896 102141
641 50666
187 19049
1043 103493
931 95832
850 72127
1049 90852
1107 104331
1125 115437
690 74417
1113 120993
546 49038
399 43629
304 34515
1425 135696
159 16001
585 56031
288 23870
152 15092
1483 152557
666 67325
1652 167718
59 7052
298 24785
1683 172694
3378 293041
1108 115980
1185 121302
232 23342
719 71477
889 89438
973 77328
744 61298
1009 110974
1169 133258
1443 136541
453 44133
299 35283
770 67698
706 70456
236 26351
2497 287078
102 10064
355 36068
788 79209
425 39296
458 40367
320 30252
709 77412
1399 151589
515 54094
245 22317
464 48935
2123 209404
4432 472139
2239 213161
2148 195739
447 48172
1454 123422
1597 148890
992 113206
1555 173799
1353 105531
883 85374
1315 130289
979 103062
338 38462
1607 130697
582 61844
365 37942
774 76342
443 41061
1799 156988
848 78343
902 94467
1578 151771
2139 222747
1133 116659
579 44748
1794 172201
108 9913
229 21961
1455 118742
435 50231
1296 115603
278 27655
765 74452
1105 98928
640 57912
365 32702
241 22133
1269 125489
578 57843
225 24048
1312 126535
183 22839
1631 135449
881 95581
2215 241461
1704 175848
1471 126146
605 70051
390 39913
331 35185
782 82504
353 37861
1219 112517
564 62892
227 26236
281 28181
725 69146
709 77101
1668 177234
956 97189
1156 122009
289 31700
1710 180982
2876 285244
1356 106946
1178 111269
695 72591
490 54510
769 81319
2273 194212
2046 229570
1038 97412
1238 118315
234 26390
1910 174515
1105 126144
271 24907
382 40927
330 30806
917 104230
812 89745
1270 133542
328 32325
1051 99993
806 86781
276 23295
530 57882
633 51313
1811 179620
567 46628
264 28751
1357 134709
694 64603
822 79903
767 61596
748 61802
1205 105405
1017 106125
589 59230
180 18546
1472 151346
1233 135857
1773 171803
340 35529
1235 121364
719 78656
106 9382
435 53067
472 44196
526 52513
622 59054
611 52033
674 69799
1153 102633
764 75062
978 102400
152 14540
179 16502
1033 111638
577 61755
