800000
200
1633 161098
2738 366443
7249 626068
2329 201340
5667 664988
5466 570431
280 26911
9750 729853
9023 864655
3155 323242
5991 661781
1292 107918
437 52138
1580 149602
2093 164423
7395 729160
1561 147827
2409 243677
3293 327684
7063 612615
9313 791948
9326 912933
6917 787511
4301 383072
5137 526563
3154 315956
4274 381428
5441 503856
8815 956893
8568 826864
9098 948930
1432 177007
2154 222114
1010 101654
4000 324530
4374 420154
4844 510682
6618 684220
3953 424067
4967 556587
8331 791373
2327 242623
4088 413635
7940 925446
7417 749650
1680 163677
8430 757697
1464 131242
5131 375095
9958 1080208
1156 123616
9436 842688
9392 961934
8793 830568
7174 782064
9897 1034831
3343 357816
5915 549341
5590 526239
1551 165669
6827 667210
9481 832993
1469 142228
1631 169414
7967 918263
8193 879615
5365 538043
2558 247939
1586 152228
1382 139707
1798 171663
4517 407129
1503 176137
9857 921791
8810 911670
8437 808312
8901 874276
9202 901164
4762 349488
7625 766903
6064 602548
3992 371372
1421 112840
6654 595639
9078 942158
6819 681331
6598 694365
3703 375269
8780 652126
4717 448669
2834 243288
5727 649320
2770 246822
599 60485
3064 313145
9384 977818
6985 746741
344 37703
1800 212372
7102 801346
9634 878310
471 50903
6512 634538
5401 609323
6056 669071
1142 107003
4023 361851
7140 722503
4485 427595
5872 609053
1790 172579
5100 557242
7872 820299
4103 508171
1350 144765
7396 809899
2189 224679
1084 109116
3287 372132
7195 887690
9998 859265
7381 786388
4708 493285
3450 339513
3121 325194
2064 236620
9024 925831
1345 135976
8466 816642
3227 329169
8164 887807
6125 526945
6498 679114
4898 475051
7378 686382
4904 462678
6430 565267
3414 325146
5304 419935
9592 1030837
1467 166139
7312 751656
456 42968
3775 349643
4646 621478
6754 674991
4426 390236
8256 704303
2434 231568
9878 854014
777 82982
2260 197169
9902 889855
705 66690
7372 724120
3462 364646
6405 677468
6497 721791
555 46197
3476 406356
9724 967610
4169 428853
5362 534906
306 27282
9044 998802
9601 916542
9008 896873
1210 105970
5354 497342
857 77470
1346 131290
9189 972498
7434 745638
561 56956
5681 531608
6242 613866
2396 273363
842 84879
5280 526302
189 17765
6958 714499
9221 819807
7610 557667
4429 462950
1415 143490
2401 240989
5882 585103
8654 725789
5387 589085
1304 113072
755 77742
7348 781868
3912 381383
3466 387272
6378 696848
9249 903294
9442 794488
9768 958396
1207 120208
1569 154849
