2500000
5000
793 73799
561 53402
1236 132054
298 25069
714 75380
272 35123
2185 216015
1739 199086
778 93094
867 90201
1350 152474
747 65914
379 35114
860 76079
295 36135
953 92924
1968 201481
336 30183
1203 120537
609 44845
1585 147925
296 29214
2273 231812
793 88007
964 109760
2773 246954
1360 154601
2344 221300
1881 176120
827 83061
784 78021
117 10703
144 13123
919 88032
397 39553
572 64382
959 86758
128 13048
207 17910
640 64286
863 81947
2170 224263
1715 175091
754 73893
366 37274
2793 269851
789 88024
1754 163322
145 16905
427 38737
815 97939
2596 243371
295 30648
958 69644
1310 144185
316 32191
1397 125529
1004 91775
1323 155226
970 113237
124 13906
704 66080
1667 158269
3457 348683
689 69137
519 44546
935 87094
468 54931
948 92166
685 49161
474 46020
664 64986
164 17674
445 42622
462 47973
573 71047
1813 178761
775 63042
154 16333
337 32991
722 61473
1860 202977
1266 128876
255 26021
2572 234390
1615 184894
929 99417
1506 155001
284 26426
555 56697
460 45032
1608 110650
2476 247599
2341 212738
1358 122395
1105 123239
1071 113941
126 12123
772 75605
1461 130090
311 31598
2633 225766
590 57459
2333 252196
499 44549
1523 158623
2161 182671
1942 152520
414 43228
946 96062
1174 120750
1911 190737
827 96965
495 54675
662 67996
610 50680
4201 481313
1603 151756
616 69819
1545 153261
2805 265661
1724 170211
204 17820
1368 122790
560 53856
355 42387
241 22854
1354 149175
228 28019
1741 156923
1677 152714
458 37043
1476 132609
1129 80861
1126 100894
611 50939
374 42125
3834 391939
728 64155
432 51559
541 51669
660 66153
226 28844
1657 142586
902 96791
446 48690
655 54646
1509 147663
1188 125402
736 74517
1431 148748
383 31137
1156 132900
2523 263831
234 22560
1046 106665
1679 181292
153 13773
1692 194553
1042 100852
946 88837
792 72230
1683 177411
651 62174
904 92132
750 76932
929 96344
304 37244
1666 150863
970 108430
1293 105672
1281 142567
495 51785
155 15603
4342 375954
318 25281
864 90939
1210 126314
1371 124680
1189 98557
707 69689
1825 199753
715 83274
1477 125216
708 65479
722 69684
838 75219
1378 122206
359 36342
692 76321
1477 146590
1690 167063
1812 191835
1879 178362
435 43233
573 50300
947 90042
997 98451
566 58869
248 25946
961 97315
2165 202670
449 40477
463 43043
292 29778
424 36691
844 81181
140 12794
790 82932
1292 118724
551 57698
952 87688
546 55284
1026 101094
347 33847
1384 133503
1368 138959
142 13530
2384 260644
1102 95455
829 76097
1249 110833
1497 130946
498 44192
717 74605
154 14246
1104 119502
409 45877
419 42856
445 43264
528 56209
1474 139060
223 23683
851 83569
1493 140084
699 62963
1284 140055
512 53151
355 34749
742 70150
1277 128746
1510 150472
243 25315
741 84826
757 67763
2198 209497
407 35915
269 31817
368 37203
1391 157439
506 55816
935 90555
1485 188079
123 12650
283 26913
1093 122283
152 14800
1445 142688
1078 114478
1989 199942
1089 86506
1037 95953
891 92296
785 86881
1206 113373
1259 137828
951 102699
1776 172450
873 89901
1539 166082
1386 149652
624 65287
748 81484
881 79912
189 18741
1883 191119
2034 194955
460 44439
130 12972
2014 201201
802 72779
527 42923
335 36127
139 14110
215 22489
852 86656
660 69250
955 95750
478 43394
1263 92965
120 10110
759 73763
1320 130868
263 30303
363 34566
1122 93790
1126 103483
548 53513
718 61897
498 44537
1610 135470
122 12938
637 65700
537 58161
391 34303
1068 98357
340 28883
344 30416
499 52862
1136 104259
1339 139319
542 46490
471 48089
1054 102042
169 17946
813 92077
380 42425
1662 147238
878 81526
2830 310612
256 23876
905 84110
337 34230
167 16320
2588 232807
596 63858
1167 116547
496 48134
154 14139
281 23739
222 22303
577 52464
101 9832
2025 211956
1871 179011
955 87885
1409 135013
163 17873
723 70078
1478 150048
1776 154202
1353 136533
2119 222832
678 79918
1145 135955
1227 109560
764 77819
339 37122
1532 154596
1324 127689
1230 126159
544 53019
1661 186330
157 16530
501 47771
907 103265
402 31655
1970 199988
506 49542
778 80730
1238 136474
517 51007
816 80539
383 42483
2663 268108
1844 185881
477 45364
504 50091
1020 93192
144 12817
1705 176769
1703 186962
1333 134327
396 39043
1091 130246
2285 230729
428 46897
383 38146
231 26133
751 77115
564 49827
807 74512
782 87204
310 28122
1132 102457
1357 121765
373 39116
374 37255
988 84486
2578 258938
399 36181
1896 174821
136 14302
1016 96407
318 28812
459 43934
1323 121515
534 43645
260 30654
555 52862
465 49944
806 81680
413 39407
1817 188677
1552 150767
122 15297
230 17889
413 39174
1524 153258
1469 130310
377 29090
874 91352
566 60419
738 72552
225 23440
313 31366
1070 106015
363 40667
21 2091
1164 122958
1940 173979
816 71137
722 67684
432 43416
1251 139970
486 46566
1818 219305
2382 231766
517 44116
434 41486
549 36596
870 97723
524 44964
547 49213
619 65825
2387 214134
89 10242
1923 176663
1366 109204
2000 189658
1056 114112
1048 127210
1049 98043
582 58368
238 26408
476 44826
1907 162744
728 66793
327 29207
678 65205
378 35254
696 71012
348 36554
892 86021
1698 174731
764 64091
750 66212
969 105784
1433 120148
676 57847
123 12295
1898 151649
522 62268
492 51591
57 4468
1233 112750
885 77247
1037 96236
724 66910
1020 90718
2252 231774
1366 149519
974 101082
961 94140
1338 142623
1963 186837
352 30383
656 55566
657 55685
1262 141956
797 78166
370 34675
1287 127498
2028 192176
642 63258
566 53456
2466 258403
1207 126670
1213 120554
643 55794
3235 331528
634 69745
1498 160356
1334 91194
1472 144856
1461 135402
871 93543
1415 156918
1376 127267
161 15475
590 52812
1065 126422
950 108814
1341 135530
1445 147850
2811 339393
255 24685
294 31656
210 21530
299 29483
109 10695
266 26232
212 22458
684 78325
623 54393
1278 131763
970 103299
1551 129081
1905 194760
1617 145174
1252 112271
1756 162939
434 49654
378 37514
1172 129343
71 7750
1064 87580
793 72980
1148 116910
597 65700
1687 173349
610 56832
1681 159527
791 80128
100 10830
1266 142854
503 52584
1218 133217
3466 299249
1159 123421
380 31752
34 3574
721 73822
2164 200756
271 27415
973 88388
1007 101912
975 111335
632 68025
158 16613
1823 206884
442 39279
767 83539
1310 150374
473 41671
1306 138374
749 71982
754 61923
616 49472
595 68416
389 40075
931 98452
1039 103901
1098 112048
644 68930
699 68823
916 103976
1344 138916
580 53508
915 89264
1029 114160
1772 169325
491 48524
2116 238253
888 100565
1407 172333
95 8811
789 77495
154 15363
3336 355547
2277 269037
408 44490
860 99239
214 24240
829 87229
2250 237161
1741 138688
2068 265898
413 38753
811 69285
1039 104371
1092 114287
679 67970
1080 120677
538 47706
1065 101992
563 51511
1173 126237
148 12845
1328 143344
205 18645
554 64138
728 61886
489 54349
334 33048
1785 181839
587 54478
591 58557
688 62499
683 66826
286 30401
1043 98674
1120 96340
878 92880
2593 201508
1334 148955
493 42650
614 65178
2059 235871
506 56534
1248 134883
3171 298550
430 42614
895 87774
497 46282
1557 186744
340 36419
1141 132433
1105 107781
804 76140
717 63247
747 68215
900 89315
979 94032
1328 110358
1631 139075
68 6666
214 21732
395 40580
564 52131
1243 122536
109 10177
1237 119883
1183 105597
83 7760
1259 136732
554 53802
185 20933
848 81180
987 104661
413 50017
403 38801
678 61286
811 79256
207 19414
2786 263393
1167 106711
433 35822
2653 275120
569 50347
917 97095
1159 105731
1309 151039
1432 153480
649 75755
378 40762
1873 183064
1034 108286
3196 337395
1605 145753
1087 98922
942 91906
866 94512
1030 114512
1055 94915
2286 220461
347 34026
580 58858
1461 138962
1182 100493
378 32565
1966 195351
902 87691
1017 109175
707 82760
2087 205291
1695 175529
3324 360129
1142 96796
1618 177655
1062 112554
870 92811
1458 153589
302 36700
631 65157
799 79628
666 78013
1432 134662
1110 97971
279 20794
3409 303431
1130 98487
3485 339744
3786 394201
2399 225919
1678 221553
650 56203
524 51707
383 36044
238 25605
2693 263788
802 81828
1310 128736
205 18138
711 82158
1856 203595
329 34493
1116 113655
166 13848
359 36199
1826 161557
1265 133428
1419 143622
1053 119566
2114 202832
904 90860
722 71140
719 64166
673 68179
461 46360
94 9723
422 43373
1704 198121
399 33104
1492 155749
667 64135
987 74768
1489 167604
206 19645
134 12566
80 8593
1111 128727
546 52267
779 76825
952 91297
1677 181341
973 99627
311 33611
2247 218483
220 19513
259 27522
1294 130305
537 58798
956 90306
258 23802
1064 105024
1685 167319
755 70405
378 35010
2112 240972
419 41651
1557 139580
296 23410
1017 119929
142 13249
853 74537
1341 138316
699 67562
1105 114070
720 88305
1791 165600
876 91399
302 28539
604 70358
2283 205540
736 83156
418 43955
522 55119
325 33216
560 44708
1490 135775
656 48283
432 46972
1153 103464
364 40035
1262 132222
226 28211
541 59997
354 42869
366 28093
185 17128
803 77120
1086 93222
652 72836
490 48815
899 86466
547 64349
388 37961
1101 105277
817 86787
1284 124245
680 64725
965 109755
2684 287501
538 56926
807 81607
566 53853
857 87470
1789 180994
138 13188
901 80978
1429 137814
292 30005
497 48538
837 80148
1072 106469
973 95493
1390 151477
1551 123846
907 83801
1164 131081
814 78864
2927 322441
534 50340
477 49891
1679 165987
1557 157821
635 62267
748 75481
1899 212912
1714 182092
459 48587
446 45011
2440 265972
962 100498
1994 181439
673 62565
91 9723
965 86946
2500 245596
1288 135895
961 112434
741 73311
456 47691
1303 151319
135 14242
1190 138226
848 74487
907 88071
610 61013
2877 249611
1521 155885
551 49922
536 54269
766 72166
1273 116642
307 26003
585 67830
338 33675
1569 145412
629 59732
346 32753
1427 161151
852 81546
308 29138
1103 113921
410 38833
1963 221817
1833 153297
2064 261957
1209 120874
1011 99958
1323 146821
1257 125484
485 50230
2084 184686
998 96683
295 26570
892 107354
1205 135255
1863 179086
3280 344028
720 63874
335 33481
1527 143758
1055 97301
275 19362
616 53125
385 42901
1145 118767
1985 206990
446 51850
275 26910
186 15829
1197 97656
1253 142245
346 35403
340 28073
1124 106275
1425 144363
155 15803
2062 183558
602 54893
480 56127
1207 125556
674 59922
252 23839
575 54999
1528 151591
332 33830
957 105873
1141 112998
312 27499
619 64750
380 33874
1824 225228
1141 93296
487 48335
1411 153138
443 43432
104 10204
758 63634
2035 238203
2465 228438
1067 122760
582 73058
952 92664
1626 147157
1544 152191
941 93911
532 49424
864 82272
269 28063
1794 190934
212 21539
2409 272108
1183 123756
1962 203646
784 62242
118 12972
1598 158865
2158 199028
671 55653
867 72877
596 62365
1712 187867
2518 263437
1835 183936
1387 151642
1205 141155
391 34692
1707 162505
1180 108848
766 73027
209 21658
1762 188972
266 29363
543 56217
1843 175087
1510 128208
1145 131925
747 57257
325 30250
129 13063
3481 348942
2075 192853
2038 182842
1070 110050
2472 277260
818 104367
1120 112477
678 63153
92 7430
762 87501
466 40694
398 40855
772 76836
156 19025
643 70299
423 37625
257 24692
197 17411
556 54663
514 47484
991 100945
1177 120731
2005 194747
879 97691
209 21848
1153 114507
371 34705
588 65385
1722 167317
682 59632
1212 131021
774 63401
768 80787
718 70064
794 90048
1273 158881
720 69412
1201 110748
926 90856
1156 119139
293 28936
1480 154075
2859 233664
299 25178
678 55600
485 36481
517 42857
983 109008
678 75639
1588 180892
445 41134
1438 142507
681 60613
1413 154832
2298 260395
597 67500
863 78124
1673 174704
463 49613
251 27179
4008 342449
3376 308983
603 53606
654 65870
830 88474
576 64602
186 18106
346 36826
1328 110439
1687 175614
184 18009
977 100880
500 37379
331 34512
212 21650
181 21209
571 65539
1104 106373
756 79258
168 15391
388 35525
779 77820
595 64907
358 40408
826 80968
1248 138889
423 35073
1127 95908
234 21552
2238 232287
1495 152835
838 86585
779 80363
1842 200482
273 25771
1058 87381
237 23532
993 93315
1750 168358
1506 157567
971 118049
1153 113700
219 21485
771 75039
415 49929
1207 118699
604 55160
684 67098
1915 214111
162 17819
594 69254
593 58540
1668 184994
1087 113930
119 13486
431 49328
419 43962
121 11587
1982 198083
878 97037
830 79811
1319 151576
1726 153883
1781 188722
346 33243
138 15435
1007 90872
1299 136825
106 12130
584 52223
1078 79269
1647 133151
692 69441
1346 109393
322 33314
392 46523
356 38418
908 85722
1540 149452
996 90835
347 34267
969 84534
530 51966
928 83503
607 63796
310 28416
2004 184639
1855 207931
695 80165
330 29290
1279 134469
1203 127470
704 69667
1635 173044
2245 218974
1471 129412
1822 199725
2533 247434
1150 124175
615 58876
1101 102820
586 52211
2210 226443
463 55422
908 88397
581 63148
853 76060
1848 177210
1419 132622
1798 155056
1371 140929
4028 418977
1218 126109
219 21250
496 53451
1305 135113
3633 387813
1169 119016
703 68123
408 33260
1555 172218
38 3470
2941 286527
733 87901
1218 122423
1142 121568
463 47183
1578 183450
509 54822
892 94160
156 16103
874 94894
1035 101905
846 96357
511 50085
963 92087
139 11806
1084 92440
362 38656
285 28214
346 33743
734 76289
1003 87757
794 93668
772 80674
2001 184015
256 27080
1530 167754
143 13714
1473 139509
1230 124665
2298 212248
797 77545
221 20935
564 51180
1192 142202
254 20719
1296 129959
74 6647
733 76172
3169 324554
771 74743
264 31154
802 86483
382 37750
1403 155467
155 15728
446 43896
1517 153511
666 75240
1658 160219
519 59032
874 93431
1204 116514
706 74604
445 42952
642 77104
539 57897
2026 173766
2854 278289
580 56804
900 80240
857 85155
1989 193451
1102 99275
490 43865
896 83529
1144 110638
575 63350
815 75234
1349 131398
669 74862
624 63335
575 50953
1427 137567
780 76538
1785 182165
496 50824
502 52446
611 66272
1403 143490
1115 117261
1012 99772
520 48749
304 28871
639 57800
399 44763
868 78034
432 32066
858 88427
1015 105598
1350 164655
709 76008
690 60387
900 73801
594 64246
652 71149
1338 123696
2076 212770
588 68290
1188 122287
517 48673
1676 167551
1048 118583
127 11272
346 31021
1774 164499
1914 157509
2137 230031
261 26127
134 12777
1229 123278
650 65640
1875 184277
566 54015
414 42545
640 60799
289 32217
485 55225
602 58829
953 93792
1546 135362
568 52392
2153 240206
2483 259860
1006 98945
618 61029
140 13204
1483 125395
1482 142980
2502 227716
929 97244
548 59390
927 87659
1377 145301
1681 163972
2543 282449
636 65164
520 56082
842 73687
1597 139035
1791 183223
201 20280
390 39320
248 29280
2743 249711
1827 192066
605 69073
1005 91814
623 71274
816 88429
469 46488
123 10770
1791 164926
888 74034
3709 392645
428 45245
497 50774
554 44527
848 95949
438 43879
266 25052
453 45140
1499 138539
626 51605
1899 205664
900 91087
507 48675
746 73363
880 75697
501 51672
950 97830
536 57088
965 98386
821 100871
1097 97379
940 78743
979 95911
487 45637
685 65033
72 6832
1229 119003
238 25756
1639 133523
1970 187960
883 83544
1321 160821
169 18512
870 93009
1225 123612
267 24315
840 76109
294 30122
1127 126481
734 76800
258 27804
2230 221602
574 54808
657 50230
693 84910
1111 96043
437 42240
1929 193592
132 14349
228 20644
1379 129779
1620 159279
424 43756
389 43881
322 30764
392 42149
964 102410
918 71782
696 74157
1917 194491
539 63683
243 23736
329 35818
1455 128379
253 24306
1025 113803
744 86380
6266 688187
1902 197372
738 77547
355 33275
851 74686
2304 274764
674 66114
1253 124047
615 56822
702 69935
597 49793
1251 128589
503 43944
955 84969
1674 163242
451 36388
1380 136476
1420 148240
622 54446
1561 196715
91 8742
614 55758
1039 116854
1478 145168
1021 94053
434 50700
1280 145084
470 51774
2086 208822
875 94666
731 77584
3092 352021
914 97204
493 44805
2323 249742
953 95310
721 85099
1162 100228
1636 173067
177 19035
339 37688
1114 111556
658 76950
825 79086
405 40927
517 48668
552 55680
1132 116069
1768 166863
1168 127600
304 30932
632 62318
1736 158503
883 86455
384 36869
285 32251
520 52916
837 78343
772 72642
715 68848
1176 131929
361 37162
2539 242974
1539 170410
2459 253759
1446 160381
1967 211607
217 21253
2020 200057
1366 113890
139 13331
478 55187
1117 110041
3039 294630
282 36212
358 36237
1042 99654
464 52211
1110 98960
1562 156914
1585 132495
447 41076
1558 161480
1007 102462
1648 178703
1631 124376
402 35645
1587 183076
1118 117195
2570 212982
1508 148970
842 78459
1587 174342
451 47171
898 81176
944 93967
626 61167
1531 159661
402 36812
1116 91404
969 97691
930 93313
624 59022
508 42579
1269 142048
1097 113177
797 85573
1455 155964
558 52854
461 49178
1882 202686
1435 130252
1221 122078
607 56130
774 79607
656 74283
749 82349
1143 136605
209 17450
218 20719
720 82253
1610 186637
1393 155941
943 87161
1121 95971
968 90426
471 46207
498 51272
748 67510
517 57130
686 56600
821 73098
858 90746
1078 106520
1852 195487
1119 103643
1317 135282
390 46283
2147 187858
692 62541
486 48047
2102 232142
1770 174814
1501 146617
559 60779
347 33211
1066 121189
2861 305857
1075 121854
1156 102003
32 3297
915 79872
529 50603
1123 113519
1669 142813
400 40272
1495 129011
902 80688
298 30368
1089 130720
1491 135840
3782 375900
717 67795
855 85491
1308 152876
98 7907
539 48340
1122 116104
163 15788
358 31028
334 32927
1351 162108
425 48021
1736 178846
696 68945
1542 157009
433 43312
550 64676
224 22886
492 45926
643 71332
1225 132255
9 1110
1961 213739
701 80154
471 35908
2623 238630
103 9112
4065 427152
2461 233593
124 12284
911 92020
1285 144615
1887 211944
1421 147869
585 62514
491 49816
280 29379
451 41621
209 20720
1445 147836
114 12638
1303 128438
752 66406
4628 514571
630 55607
2057 203632
1840 205856
577 62109
834 82804
551 42156
102 10212
2630 233809
882 80327
722 68777
355 30646
557 60856
446 45208
557 47390
1488 146181
1842 186490
1085 114662
480 47036
1048 96081
361 34912
1108 118340
801 73157
1982 168560
1636 188312
1310 114199
1469 152770
1100 112258
965 102299
3204 308867
1075 102289
2656 297013
1122 115262
1743 158385
316 34067
628 53074
1594 183326
571 57107
1715 193064
1960 176938
2111 179042
637 68903
967 106296
1490 152233
1512 126149
1494 124455
609 55023
538 50438
1106 103683
1232 146165
165 16089
1569 171731
96 9561
1559 139020
1331 143930
142 13216
1166 126711
1907 210380
1331 140421
620 62905
304 33889
760 78652
1720 166918
1190 102088
1143 106216
105 9875
811 90541
530 60617
3475 358995
304 30873
1716 185914
293 30906
1073 120423
1847 203699
1277 135992
895 77530
1078 111718
529 55771
587 58863
1345 125378
1343 128625
1869 192532
109 10006
396 37515
631 63716
1023 115328
783 74339
1523 125984
818 75035
2513 198936
145 14456
608 53498
1281 121882
266 28039
1742 173899
894 89445
643 57609
636 66124
1454 131619
837 76896
1421 121980
43 4476
546 58717
205 18567
877 92347
4018 403014
540 55337
725 61771
1275 117454
1623 164721
366 42457
1961 223917
813 73568
995 96309
595 66513
897 93610
820 82270
1691 160310
320 29009
190 21737
370 35805
1516 148395
290 27537
1047 113794
735 62553
265 24739
706 75165
1153 119589
1381 151051
1803 146442
1502 150514
837 83425
477 53864
2510 265737
502 60065
1173 101796
1706 163825
2186 224968
802 86669
1232 139240
451 44028
627 58533
450 49995
1256 136980
3028 337749
392 36892
245 22311
662 74111
2385 241843
1756 162040
164 19364
555 64000
335 40090
738 77386
1209 124631
1190 115987
2150 230361
907 97062
544 56641
194 20691
1045 98879
487 49146
584 66592
724 66689
305 23335
1063 93702
882 71613
1290 149725
517 48894
364 36351
475 47282
3572 373842
1201 106118
1705 176225
3067 328576
1108 104322
282 26200
1808 157719
1687 155889
2526 258593
438 52058
1727 136199
1145 113404
119 12934
1215 142337
1035 102244
999 96108
1069 99499
786 80266
3549 267650
676 75701
150 14788
790 81371
1039 107336
1732 167915
585 64213
837 86499
114 11911
744 72130
1211 113443
773 60755
1543 168136
574 63126
611 57052
1927 190323
1075 123868
580 58793
846 82175
208 20802
809 69500
304 31806
1116 103365
569 55086
1527 166392
1106 116667
752 79442
1271 119554
259 20195
364 40304
1308 120337
1271 114711
603 69076
1238 132633
1369 135410
315 28141
725 84250
536 58814
470 41056
218 24820
559 47670
435 44784
800 84799
1484 166308
773 82627
521 50708
742 75751
986 96054
377 36976
1119 117077
2434 270851
903 92756
1091 102676
911 106623
1467 128414
525 51267
331 34411
273 24399
1530 131601
2024 196639
717 64242
538 57250
994 101715
1300 144912
510 51610
415 49740
1867 186314
665 66095
1248 120839
1863 226079
657 73717
475 50550
283 28812
497 52675
415 52278
685 68312
1226 103919
148 12547
1088 105588
171 19134
496 54143
959 114513
163 18070
1675 184112
2055 206495
1277 130132
742 69043
97 7893
1290 133564
1987 197945
1223 137042
960 113286
716 74923
1348 120706
453 45919
1162 102260
979 101311
1154 121182
422 38473
1352 143065
833 83597
548 63186
1241 128145
629 57118
1357 142219
3226 309800
1621 166840
549 52299
415 37932
2851 274937
586 62930
2663 280900
889 88103
1477 128178
418 44493
799 71552
1996 207413
1302 151003
488 47258
992 83933
2734 275291
1609 154430
997 95269
783 81131
764 66641
1899 177367
205 18605
1694 167711
1218 102728
524 53539
1466 158614
936 92790
476 34470
364 37437
1296 123537
175 18509
521 59222
1588 169276
614 66631
1230 121798
174 14761
1621 193431
313 31449
394 41723
289 26793
1250 105861
2031 204096
526 49474
1381 150141
1630 153599
713 60669
108 9941
659 66064
98 8929
564 40040
726 59689
2086 240132
1028 119964
1080 108317
487 58496
616 55692
497 60355
1004 97422
195 16984
237 20691
735 81982
308 33244
433 45237
165 19474
549 57870
513 44951
399 40129
787 80435
615 68569
3082 288616
1739 155980
806 84293
2131 196164
2434 207154
720 81538
440 46655
1648 176068
866 83176
2651 240634
1214 130055
1395 143441
119 12301
105 8160
2260 225640
1648 166344
1045 100450
863 75513
441 43562
1315 130735
1452 145533
2112 227140
1448 142816
153 13662
942 91632
526 52819
765 84194
4002 378934
748 67811
1706 179317
1318 120171
269 25564
556 52640
946 95627
1645 166958
1001 105269
709 72527
925 94011
1782 196967
1313 108455
803 82655
628 57799
445 44947
2357 201955
817 74379
1081 110072
455 47589
421 36868
1039 107946
1101 127053
428 43009
632 66243
675 58771
242 28244
697 60568
390 37853
2398 239262
491 52263
1093 128174
1266 130566
431 41862
543 59781
878 85323
528 48520
295 22625
339 26882
1316 120112
779 80782
1639 141044
723 74364
615 74767
261 24960
737 72364
390 48074
710 70149
444 41823
254 25480
373 33486
1501 163510
1221 124921
809 74831
387 44184
1270 152364
308 30521
1136 106549
690 76573
228 20897
1177 130303
1295 106938
749 77516
222 26091
1474 152304
313 26973
490 48249
1007 100441
802 75938
395 41064
1873 154669
710 59086
1920 208478
784 79557
768 84902
2323 229859
744 71820
2554 256869
924 90962
695 68907
2061 192459
2822 300908
1970 201423
436 37342
1123 118713
629 60771
609 56053
452 43622
299 28095
641 59156
1531 135140
185 18660
249 22766
582 50837
1487 141439
1098 104503
186 22427
262 28803
1390 114567
42 5034
882 85509
1079 86020
891 89470
317 26885
926 90660
1041 116237
835 86719
1202 130638
2068 198201
1076 107308
191 19109
1752 185757
651 70589
1036 119027
1277 129385
392 41851
990 89690
1245 130367
637 60957
1727 192933
1405 120371
1020 113903
593 53906
2531 201287
409 44206
206 21026
846 76658
888 87152
994 102042
1689 150896
519 48886
1554 141244
1465 130302
270 30519
402 44567
1262 128122
548 61963
1212 126802
391 42674
1142 129815
1277 127474
1024 85818
2685 274919
681 69494
809 76383
717 69128
938 94526
2256 188185
1209 111208
292 31902
610 62558
2058 218380
768 71546
1244 118933
332 34901
2884 303673
971 88447
237 21826
2050 180130
787 81610
558 57310
890 96943
80 8198
940 94096
161 17634
1726 163533
941 88516
1109 102825
604 45466
1625 155566
1134 107103
1415 150199
1601 156944
269 27345
668 72029
1621 171322
409 34967
625 62952
1027 80710
629 62674
954 106381
253 21841
801 87868
498 52795
2832 296171
364 35315
1588 149919
506 50582
2192 203630
2463 242204
319 30515
296 27688
550 60274
594 49361
923 87168
462 50324
152 14220
2394 251128
2812 257701
328 31155
1142 102161
678 68507
934 109534
876 82023
1811 166041
744 79139
768 85124
922 86210
1077 97231
414 42129
562 61709
718 65304
1049 107807
2771 281430
562 51759
1686 190887
1656 180155
1682 158803
3421 326926
868 88590
492 52773
125 13180
510 48981
1374 137175
2079 211335
676 63001
839 80792
736 74963
583 58361
288 26626
2564 239759
116 9358
1854 174098
1470 132578
934 124871
707 84193
472 48250
468 41954
1298 144176
78 9177
392 39161
1432 155892
2216 233327
2361 222522
62 6958
424 47655
1966 170570
1078 93454
800 77655
1372 159743
622 59302
532 51652
1256 128237
539 45414
1130 119528
1992 184915
1249 131009
732 71836
295 31005
1423 143910
792 78508
368 34807
311 30021
1302 117970
1528 160817
1763 179289
155 14809
177 18678
3159 355972
701 77530
380 37504
408 38584
696 65298
1155 129523
976 87059
1623 175668
2028 198926
1346 141673
947 88224
1835 200421
599 58303
917 100794
684 77272
468 49739
399 43083
1024 130177
1840 184987
1377 117272
94 9528
820 91786
531 49364
1795 175486
634 63123
652 68614
702 74761
783 73527
589 62370
174 18174
575 61978
776 82917
1512 133379
291 27491
355 39597
198 23708
1217 124755
2484 257534
368 34186
1795 173945
809 81799
1312 130552
417 41422
968 107527
780 83647
635 77531
1581 147411
1130 114798
2063 218340
1125 125460
3373 284048
2020 172444
154 14805
521 53261
2168 208476
1728 186311
1999 201665
1144 121974
1019 103509
687 70907
1695 183038
798 63041
345 33652
442 44062
487 46635
837 79637
774 84392
883 90038
1303 135043
615 55781
316 31491
1412 131432
1182 131609
676 68724
556 50749
311 30603
675 63062
1022 102089
295 32508
602 58348
43 4281
1789 192387
882 83333
250 23570
1171 93559
639 55748
85 9250
754 75178
1019 93251
314 30659
1500 139856
1575 154199
1468 146731
919 96911
144 13490
902 91159
387 36833
108 10769
146 15569
1263 125281
489 49368
690 58360
1057 118575
2334 245907
545 51248
516 57901
375 39420
1354 150086
977 87598
308 34383
327 32798
910 109177
593 47112
617 63977
892 80637
1076 123243
1077 124126
520 53067
1946 184743
698 51657
647 51535
553 47861
780 86290
518 51519
657 67713
2247 266330
535 63075
707 71975
1172 108327
418 36675
167 17834
1180 120984
981 108316
1141 122908
594 55477
181 20222
765 79001
132 13601
162 16375
631 61304
1495 122277
693 71846
791 74050
634 67194
1459 130589
1678 157957
438 32478
1066 101954
610 56361
892 95390
694 72246
1638 153559
916 76633
725 74242
1863 158082
1990 221574
1075 100144
966 94848
496 39590
848 87309
397 35493
2350 231029
1076 119641
552 55672
1386 128971
1457 164854
2372 228557
710 70973
288 34825
1314 109281
1649 188870
645 61443
1668 195042
529 59117
1205 121466
268 26521
360 38274
1285 108430
804 88133
552 44396
616 51037
3268 293344
387 41361
606 61667
891 91542
745 59554
1809 153223
1482 151096
620 64675
1246 138170
2532 249688
726 72750
1889 201340
634 59638
592 63455
525 51540
400 34032
524 52830
157 17627
1674 130573
601 52444
686 63911
1109 113824
503 46551
2233 236428
1362 144893
393 40623
149 13191
1056 98565
669 59024
668 77601
63 6540
230 21300
1209 138724
787 75174
154 14045
1599 170968
1222 115511
2185 237889
590 59030
880 89961
1590 141702
550 64291
1110 108259
1544 155754
974 84452
545 62951
1057 108488
1532 138728
797 83170
459 44120
765 77945
1508 144965
2166 213498
764 67913
1127 116048
590 53294
518 55509
100 10036
486 56453
752 63291
1168 124784
581 58746
1102 110127
435 43193
270 26562
854 88487
1120 105988
691 74167
701 47758
878 89848
1866 170573
236 28302
1798 167520
711 63111
1268 122939
2045 208675
208 20305
518 49523
1045 117614
973 103816
879 89980
2208 233618
468 39571
902 85675
556 60612
1452 182247
1735 201602
1144 116682
1497 159224
260 28772
554 55321
419 35758
156 13233
487 54597
1994 174245
596 52584
1192 110324
490 44445
1656 189387
304 29623
1208 119358
902 99411
1258 137587
2371 194641
507 53605
401 32879
450 46718
2206 203052
383 35533
384 39341
798 77132
1272 114786
311 37594
307 29259
1419 152575
245 25489
820 93260
760 85011
620 54122
492 46789
1730 182187
1290 131570
1139 119035
1755 159438
2078 187977
1638 165075
776 72297
294 27118
1018 84037
283 29911
738 81485
710 69282
515 50523
306 24147
1266 127117
304 28468
1083 100034
331 35064
801 89083
294 30833
399 35397
2424 220713
716 74360
1937 166506
626 61096
1482 153374
71 6880
969 98511
530 54090
1334 146603
668 71108
970 111016
939 75565
1134 121767
1434 156173
301 28311
1395 136167
1621 173586
352 39017
1250 122897
1589 158037
2061 224678
1312 129743
783 90620
1540 168208
1407 139306
967 90200
1758 144594
1036 102563
186 17905
916 102148
885 97917
2147 210830
1341 138781
1231 116819
773 68210
1039 108858
458 48810
677 79880
1788 181554
2383 213761
748 69190
1817 195574
1257 133316
870 93682
442 47291
1871 185411
410 44008
991 91375
1083 114670
644 52515
791 78108
545 51360
727 82688
385 37836
143 12397
679 73630
134 13762
518 39206
719 65349
112 10878
250 23121
249 22273
1235 115079
1373 130668
457 41313
648 67470
255 26877
196 19042
561 55023
247 20355
1403 135021
714 70404
833 87218
650 88636
2313 248728
1456 145473
1630 148673
1881 207903
523 59263
727 82900
147 16417
801 72215
966 86805
212 20900
1045 86819
1404 157980
700 69964
167 19373
410 50010
448 42885
938 97164
559 60311
1979 172714
929 91822
1513 144924
932 91375
1672 198867
1028 103091
1376 152120
475 54819
994 102584
969 91350
1768 160550
855 82627
1689 168311
1272 122177
931 87608
255 28213
598 64363
561 54834
371 40399
1219 123607
203 21347
222 18911
738 72934
461 50804
191 20283
408 42561
1013 100077
812 81307
719 85430
119 12277
734 67463
508 49725
851 84493
667 65113
300 35281
1135 129777
1295 111554
366 30446
2399 260442
2938 224465
749 76108
714 72717
1030 104494
923 77076
444 45039
425 41315
143 13987
2268 215650
324 34116
772 90772
563 57651
1001 107991
678 61040
775 70316
448 45972
1786 187393
1073 104468
1526 165744
506 45935
946 101991
318 27379
2205 207831
1246 118759
830 80994
701 75515
1468 141611
1244 122357
129 14125
771 69919
53 5892
341 26302
669 77179
109 13460
1977 183383
726 76690
990 88096
468 39063
3036 282655
1715 156167
557 42425
805 96176
245 25419
767 70560
1243 112391
601 63124
505 42291
333 36127
1262 133679
201 21115
386 33871
838 102308
3462 344342
2032 234008
959 102073
663 56801
1142 118401
2528 245022
764 75356
289 31555
469 46738
765 97031
1676 165419
263 29066
695 71915
1617 162209
726 63962
624 72325
248 23957
1668 160375
1061 111056
658 72747
379 36710
2156 208961
2472 279644
644 62801
131 12253
549 55171
809 89307
817 70879
999 102836
1267 111962
1625 157580
1025 95255
582 60443
609 61246
457 40984
857 92499
675 70703
1873 163628
476 50846
1360 133401
1710 178741
209 20953
157 16489
1322 132818
912 82559
2586 230123
507 47952
1625 155802
602 58937
683 68168
125 11565
808 89017
1978 189922
2569 241589
2002 189247
1076 114837
213 18301
1368 153990
809 83621
1545 143765
618 60806
1611 168076
2114 225974
430 38387
770 83200
322 24268
165 15312
838 77692
877 90318
1519 140188
698 73671
2462 214608
604 60931
879 98430
1924 176957
127 13921
996 102421
562 58749
716 59255
1590 143395
335 28037
197 16857
166 17619
1578 171279
1418 133153
316 32617
1288 120210
1379 153248
2114 213509
443 48531
562 54604
1333 153320
872 80160
371 36674
540 51803
3065 364045
213 23679
1137 112668
1678 142581
802 91551
429 39210
999 84981
1367 142010
364 32747
226 21803
191 20216
1226 121043
625 67282
751 71319
392 39085
1436 164424
1306 136954
1121 100353
1035 105894
1065 119479
1364 136443
506 51285
582 49278
464 49812
2261 246491
1131 137839
1222 98954
280 22703
410 36606
271 26602
275 28793
1302 125978
693 60564
364 38850
811 84246
559 54951
947 102466
3183 294173
316 30180
1432 151507
1676 170144
619 64230
593 53064
907 104662
1394 143487
1071 102034
1093 90413
1115 117953
1109 108503
2428 218091
369 39910
548 55986
384 34391
551 51216
955 115030
983 87198
222 25355
1240 114110
1676 163361
1723 153247
1707 168818
1162 119704
1320 136476
1080 112233
652 66304
123 11027
1565 147115
1300 119252
570 51430
339 35811
455 43924
703 80878
1092 86133
733 85693
545 55040
1301 151271
776 80015
335 33549
464 44571
1279 125176
366 32922
3087 244269
1979 180704
421 44893
223 19755
672 65247
658 66089
784 59275
1296 114284
1283 138914
176 15741
636 57112
1869 179108
595 50025
899 75908
1029 112213
527 47638
2562 239262
243 23016
1201 115122
1445 122227
575 54570
1311 130798
325 30185
242 24449
682 70679
360 34970
3083 266619
194 19357
1249 106817
2213 202035
628 70038
1039 100385
1576 159972
1235 149703
2570 318666
2425 194176
1387 152548
124 12129
242 25350
819 81478
402 41927
310 31100
1158 104193
903 89234
331 37904
62 5949
1649 134232
1064 77076
582 54399
1495 167160
2348 227192
834 71584
2641 273075
850 75501
940 114585
350 34422
522 54096
71 6362
1407 154690
1036 97104
1137 118853
3315 388604
619 51664
1111 102987
2314 243239
2306 216194
1198 103592
1964 190781
1789 214655
741 68525
488 51107
957 87804
491 47053
164 14491
354 42070
582 69105
171 18636
889 86307
617 63017
1318 123043
1169 123440
2480 240508
510 52418
1931 209328
1122 103892
1676 129498
2155 237430
772 81665
690 70615
901 79500
574 42615
288 28494
823 81942
1197 131998
373 36617
179 19192
698 66623
211 20851
900 90310
211 19088
1631 170343
2025 226345
725 86255
992 103847
4869 447895
801 67447
737 80725
647 52811
441 52014
714 68785
1153 126563
55 5492
189 15987
2001 184258
1134 110539
517 42854
415 41587
2013 217938
3194 303654
2264 184396
733 59324
631 68616
1410 144525
677 73657
846 96821
1444 140192
1286 135329
2982 342770
985 81773
671 60751
593 60258
452 49981
410 45598
581 67185
1027 118798
975 93287
600 65748
458 52595
342 26913
1343 130983
1362 125936
415 40602
131 13137
2283 259047
3857 360379
398 30176
235 23170
942 87862
2936 297749
701 79214
1461 140282
1264 122911
482 54075
668 56355
536 51238
219 23374
3236 292089
2052 214077
2012 157923
338 30587
178 16923
885 91994
349 27412
198 19644
1336 146843
716 55784
970 96720
825 86750
493 51638
334 38426
2189 227129
1735 185527
986 118781
3399 325215
612 62574
1620 143509
1099 111124
462 51497
1594 198543
1605 158389
647 66010
1405 129989
2770 281166
423 39002
1027 96930
2029 199321
3221 351656
148 14864
1585 151780
859 73755
1828 165628
863 73195
768 73421
669 57725
2046 194260
30 3177
2115 222137
1344 138828
1181 99205
1318 163313
2820 287472
736 63440
1094 98522
1483 143825
134 13084
453 46733
2305 238409
1706 163301
812 65545
164 15139
930 93217
1129 105376
1202 115487
686 55770
2838 300740
1309 151972
593 66600
244 22279
989 99355
207 21437
1084 112795
1284 129351
1786 178833
611 52062
537 58581
2352 210888
1832 151549
2359 274478
2075 251058
667 82100
1469 121111
664 58438
380 33591
831 81843
190 17009
1329 136209
1477 140546
536 62135
1744 202051
652 73142
1024 117392
94 9069
762 73898
1697 174357
83 7833
907 91571
1012 85596
302 31963
1419 128281
682 71181
757 72538
1469 151878
308 33336
122 11902
525 46028
2017 211010
1152 100013
664 67416
1654 174365
882 75754
701 63314
459 47180
409 39261
135 12161
416 40054
1731 160447
1495 114708
1208 137872
186 17968
1304 128775
366 36604
327 40703
292 27414
1269 110453
1923 195789
1493 148998
300 30449
467 39471
942 91505
835 71859
922 78221
213 18536
1282 131984
170 16592
1300 130404
705 71145
456 27430
536 62572
757 70532
594 66939
629 68245
211 21168
1397 130088
520 37273
1593 134364
445 43820
604 53593
391 39783
908 103395
615 59656
784 78849
892 77716
3323 392520
561 55410
1326 125731
641 71575
211 21163
206 20192
942 106184
176 18231
424 51126
482 45769
578 54628
515 50990
1299 116167
578 57614
1246 135611
1273 127221
447 39474
1055 99305
675 65417
717 68296
1027 118608
443 51545
1509 146398
2280 232390
1014 97514
1854 201913
933 87870
249 28721
215 20575
81 7529
1080 94387
2411 264147
861 78767
491 53656
698 64399
699 72137
159 17969
576 72615
1358 126719
1152 112911
2682 257433
1094 112453
299 29823
201 17741
1883 207989
505 53180
1936 172936
678 77169
1987 174516
515 48106
305 32466
941 94082
2099 205192
643 62223
216 21802
117 12352
1190 106946
1879 203132
148 16416
306 33224
1563 160146
1177 121918
2042 193737
734 68696
786 81335
2685 240725
1284 157458
871 83304
605 63427
1954 192908
455 50893
508 52888
235 25092
1041 107991
1798 180963
1274 129351
543 55753
948 96521
1430 130395
1338 119269
946 88284
1748 172133
139 12252
190 18010
3059 353910
1658 142220
418 43737
1126 127015
1243 143149
367 29711
393 38589
1070 106159
975 91159
1833 138519
788 60502
572 68724
1181 109410
1037 99776
248 24711
506 56562
1052 98137
2359 224740
415 41099
349 34914
541 47358
899 102352
2397 245677
803 82092
869 79732
750 76435
467 50741
1013 122429
2204 212686
2549 256685
1192 105145
3999 348030
568 56775
1348 116906
1172 115777
586 54104
765 74726
580 67120
1324 138246
124 13595
1268 132629
600 57155
942 94213
768 84314
1934 206304
515 52977
1166 104826
326 33888
1937 189021
1214 132799
512 44771
190 21549
675 65759
2528 234285
456 45131
1736 213757
663 69272
1010 111110
906 88241
911 87707
925 94639
1150 120747
567 59627
592 67136
483 56194
1097 87865
1161 104080
869 89519
391 40253
525 46887
175 17742
1137 127178
695 66670
2193 255862
154 15265
1640 171470
714 63402
338 33381
1890 225257
257 23072
1232 123617
1319 116320
951 91690
716 59812
1173 142742
477 46964
810 78326
216 25309
620 56018
728 61935
971 110581
751 74779
930 93220
1014 96782
931 103056
781 61320
1578 145521
74 7502
1336 124531
537 55543
670 65429
854 82420
1238 140186
360 36267
771 74648
517 54467
849 98180
862 99151
457 50737
590 65727
1469 138539
245 26049
738 83947
298 32095
314 30565
616 64713
362 35185
328 34908
388 32246
1649 158315
829 70186
614 65839
734 78563
1210 125050
930 83800
188 16465
618 67210
1294 124140
428 43357
2037 174873
1131 117768
1238 120819
407 38375
639 64675
2048 225276
1377 165679
587 64967
934 91550
1152 116981
2700 287495
1707 182535
122 12004
1203 117379
1858 180711
439 40866
1439 149207
2017 198649
941 95316
606 59467
340 34385
3473 370233
877 86946
1126 108008
2033 221925
1509 132856
1108 127565
1300 100392
170 20238
2497 251161
2424 188481
890 93086
1268 140407
460 45972
687 73747
1174 137382
1099 130212
388 42075
1741 186341
138 14992
1297 107610
1588 152188
1917 178189
899 93557
172 17096
141 16350
924 113448
296 29883
331 37969
1396 157278
1494 165471
189 17926
915 83578
514 56219
658 73206
893 84768
746 73673
1022 101947
1485 125228
1049 103510
246 21813
385 41851
1142 134438
316 28792
710 70176
1286 122862
1413 137417
1087 117685
2739 283659
418 47876
812 67184
1697 185950
857 97949
225 21696
2506 233373
446 49149
402 44539
1124 125219
304 29227
1229 128828
351 39153
426 42989
738 79572
499 54393
687 76729
1643 157988
914 87054
1321 147424
317 31075
1781 206069
762 76712
474 42870
813 83127
212 20874
402 46308
477 48444
1241 111629
59 5457
929 91885
1162 109191
647 73768
309 25990
1446 123851
119 11343
1170 129319
879 91837
1272 131744
1103 116956
264 27641
378 36332
1259 118405
960 98655
1332 147951
203 20234
362 37594
306 32691
1419 120809
2301 222082
750 67135
881 92072
309 24961
283 29263
396 36746
590 48930
207 21453
822 106240
264 30418
406 42130
433 40677
2340 232126
2005 203508
955 94574
1299 137504
731 70911
1741 181442
604 56365
249 24274
412 36543
347 33285
779 74448
798 60504
268 26422
2331 267822
90 8242
906 79509
765 89431
606 67374
474 46191
408 36802
1352 106592
668 67382
478 48017
309 34067
1835 179213
1010 104877
723 54574
289 29586
1783 173213
940 109389
1184 129321
232 25730
448 44098
393 30734
1003 91489
632 63923
142 13145
432 40452
821 86198
183 18579
1851 214326
1299 119788
962 106461
1142 111837
1281 125802
780 76879
765 69892
1022 104446
1677 186132
792 82512
1855 187533
585 50108
860 80726
499 53753
499 45474
991 93352
930 95734
587 61542
409 36697
570 55838
1518 160648
1649 169208
2410 251074
1257 106249
621 69996
1449 119199
919 78845
1161 120326
1099 116101
240 23643
1853 168305
1431 161847
943 93785
1405 134293
755 74927
632 60034
814 76876
2172 205615
271 24439
2388 259381
2188 202026
487 53535
1379 138827
138 15073
857 90570
2386 273571
149 15788
1601 186303
1181 99555
372 42040
529 50280
163 16663
1101 105457
2573 256802
1238 104897
1206 132640
594 56421
297 33075
831 79032
1397 141780
1241 124856
2203 213405
935 88929
1063 113745
520 38732
1069 127125
481 50635
463 35629
652 60999
2446 254432
928 103497
1042 98818
1752 175246
2349 220432
1657 159493
790 72880
1214 137417
1620 203282
2244 206447
1113 102647
2079 177001
1055 97366
857 95907
1182 110378
1748 169178
1316 110824
1669 181521
1812 171209
177 15906
463 51626
519 45015
2204 230581
1111 124820
312 31388
613 62774
667 67244
991 87547
944 91032
530 50884
151 15711
349 36970
1331 124309
962 104609
1778 184448
486 51141
921 98414
2558 234327
568 51659
4039 341053
1116 120307
351 34703
305 26940
422 45265
1380 163695
505 41657
802 82666
1210 137167
932 93867
1528 163297
919 85041
147 14322
630 65594
715 69923
427 40585
1186 126090
252 28445
2778 262017
754 73193
1031 95237
660 75408
158 18577
1276 117287
605 57587
1603 163401
479 45661
1249 129823
339 36001
1910 186656
1162 109976
855 90313
737 57863
1900 191023
1050 98968
1992 183616
1254 116079
639 68045
461 53636
1659 159617
1268 120779
1461 124176
934 94087
1693 148799
973 101396
1705 178141
508 54683
1946 204244
2321 226928
71 7624
764 73229
2209 240823
1900 201505
783 73542
1811 162358
3991 394364
809 74987
1871 163156
836 80518
1880 172774
1789 165887
748 78186
1448 159329
448 43792
687 67459
418 40584
363 44770
2600 262860
556 64468
580 59196
1654 165429
1582 173556
1507 142687
681 63537
401 42647
1082 85130
901 82866
169 18089
1054 97000
382 42654
1244 118573
2524 269864
1666 160643
2024 234672
1140 123785
219 22372
1037 108448
732 73437
48 5032
332 35253
601 51357
996 101689
1233 104758
869 87156
384 50414
423 37179
1836 200696
1505 134960
2538 243343
711 71741
480 47522
917 80315
329 31494
522 54678
344 31099
1039 85198
906 82491
890 78142
1544 170505
1923 199993
545 62061
472 48900
256 26099
897 88237
1007 110812
1247 122142
460 51761
133 12396
422 43814
404 46910
558 59897
2945 329150
397 43823
936 96874
932 90882
2955 292648
515 53257
1480 125955
476 44423
531 52361
675 64985
1246 144304
644 66274
1137 112438
379 35852
323 27178
565 59730
683 68394
481 51895
850 87453
27 2593
2238 275053
659 60825
584 62784
127 11374
675 73015
822 77888
1108 101252
13 981
773 66744
1368 107984
1800 186642
1441 140686
2920 277445
1481 145450
1868 179097
127 13996
122 11434
1626 149348
983 119400
718 67032
1414 151959
621 57569
1528 150799
710 68950
360 35229
210 23531
845 84503
2124 201569
1251 116699
1141 119436
486 51386
1271 137203
935 85673
850 100697
1845 210749
1955 189939
1067 99832
358 27931
290 27189
273 28085
569 58934
934 88728
2341 217753
256 24327
1211 123407
1570 150600
240 21514
555 66226
957 96535
1111 110978
685 75802
1243 115159
2128 242327
682 64672
620 62975
455 51783
515 48905
720 80716
421 38727
1528 166088
813 75928
1007 94375
2088 198721
504 57017
295 28647
198 19127
1187 111037
1064 106216
815 70125
339 26706
850 79842
537 52037
1418 143790
585 58769
584 56222
614 76034
395 43019
49 5064
1047 102761
1603 159423
1888 206709
1846 208199
396 34971
1165 98151
564 55721
1310 135992
1716 183070
637 61849
209 20571
1190 109936
1145 106528
447 44524
612 63618
787 84240
608 61109
425 43047
840 69831
450 38444
1287 144039
1723 166496
172 17914
435 53431
709 79833
251 23289
1103 98736
1307 111041
1893 176084
3444 382059
614 58376
113 14746
626 61651
809 79952
435 41944
331 33463
466 45772
301 31912
1327 142694
359 37928
1557 170053
1380 128816
915 84987
1496 186029
336 31509
1613 167119
594 47004
954 87165
380 38576
1049 99285
63 5796
1329 116996
782 86227
921 96341
1878 211765
501 53129
1286 125967
1010 107746
1249 117749
1661 173422
840 89959
909 92867
372 36415
608 47494
909 76677
413 38007
1841 187442
3209 302319
853 93889
454 48824
1674 176502
1013 110448
690 79362
1910 225911
400 39994
449 50874
570 48524
1161 112792
365 37902
1800 194600
1036 106428
1055 111145
1096 113828
76 8217
263 27736
1160 118468
1782 188481
551 45438
866 86831
1061 97223
1472 132330
961 111241
1250 116668
882 98303
601 63907
839 79096
1253 122764
1627 153767
1275 124018
476 53407
1266 142301
950 92256
839 58187
170 17417
914 85131
805 80382
2591 273526
794 80084
2104 218333
1425 151377
429 46297
377 41210
4262 377143
393 38667
386 34349
820 86407
365 34302
1047 108629
800 74516
364 33209
1540 131533
185 20840
594 69468
174 17330
1172 105557
748 77608
1347 130612
877 96397
886 79461
778 85590
321 34172
728 68323
1598 185603
1100 95571
990 89683
958 94812
1332 134560
338 35022
1897 180359
284 25751
743 73900
739 76411
1694 175300
502 56142
3487 355934
1069 114189
773 82831
1690 169094
363 30564
223 21504
776 81388
1662 144818
552 53131
841 73028
96 10760
550 48166
440 52857
477 46066
1679 198293
920 107331
236 19258
1412 183935
1592 177287
1653 143460
924 103570
1190 119209
1280 144156
575 61291
382 39657
162 14874
1579 143119
456 44899
904 103661
1170 137878
222 20205
710 72287
288 30913
723 79118
1205 148058
253 25227
410 38368
342 30835
252 26650
1057 97659
344 33023
597 59326
1338 145779
447 48708
415 29123
2114 213633
1079 120891
1102 125373
270 24996
367 35448
711 85704
1054 109883
74 7142
535 59425
378 40440
387 45588
959 81269
698 78638
358 33562
1333 112485
799 78895
709 63535
354 41840
2413 222836
515 46944
282 29194
565 51920
984 119318
108 9797
1161 116463
165 15436
2038 200606
791 76898
1088 103579
533 50649
1603 173893
1444 137124
3312 364586
1094 105175
1088 114185
719 73596
373 37924
1541 148831
1134 110973
635 66817
23 2607
235 23332
723 68291
849 94666
1753 164630
707 65618
3712 330518
343 32011
1152 106511
2101 204577
1632 172481
280 24233
956 92784
638 67117
236 19778
936 92733
75 6668
1708 195610
762 91244
1290 117009
594 58988
2001 192581
1720 166589
1276 151034
401 43797
803 75980
604 67801
241 27803
227 18996
1486 142378
232 26050
203 17847
1528 150637
120 13134
265 26260
521 43837
2217 227212
581 57036
1208 114387
305 32069
164 17183
754 69771
1141 121542
1939 198318
1212 99642
613 67549
648 65877
1813 192594
414 39090
902 91776
295 30204
1037 115438
616 63581
421 48579
300 26502
1012 82685
1038 100869
504 51897
451 39693
2188 219993
1424 120376
729 79861
731 70722
1131 89288
687 72924
997 96440
983 98959
358 42142
288 29600
664 70305
197 19065
966 86351
709 72539
807 78141
365 37263
998 77952
321 33298
135 12837
1920 214754
1370 147213
229 21272
445 45632
953 102711
772 68171
1258 129297
1336 127279
583 57779
705 68745
2592 277707
555 54372
2469 211672
614 56486
431 45226
514 52437
748 80475
859 90566
273 27878
813 85670
2325 230874
656 70605
1492 137142
1338 160969
887 86431
823 81410
305 32250
549 56987
878 95579
1350 139981
283 29198
737 70821
53 5073
433 45060
106 12144
431 48399
1368 140653
694 60624
2677 232039
1665 152640
1172 113340
1423 144279
91 8507
817 74207
431 46223
289 28944
147 14156
894 94637
1183 120355
615 63765
2294 238480
745 81929
776 77779
409 39116
644 64364
195 22357
807 78178
435 34867
1381 142487
1125 108167
342 35223
333 31854
710 72993
2888 267438
1173 131309
3778 352496
116 10277
1094 115536
764 63755
334 33119
66 5810
711 71479
1469 117619
644 59450
1431 122939
665 55333
505 41566
123 11413
1044 111247
1595 174148
712 73392
2839 313700
1030 104090
1021 99693
1454 135174
313 36325
2230 215952
407 39937
1481 135889
1622 168739
307 28887
754 74577
957 97636
1036 102292
1362 143651
2138 213375
697 79302
659 67366
2411 261476
2007 187386
1439 165938
974 107906
1704 150082
76 7251
127 14178
876 82754
549 56686
565 64489
2040 186723
60 5977
232 29919
1061 98410
641 63830
939 93883
153 14168
659 54309
1304 132581
556 60515
2599 237489
649 71135
2979 319212
1794 161491
747 75764
834 84192
1459 156235
1173 101010
1251 127401
149 14660
853 67837
233 25335
1487 121602
573 59822
1040 95226
680 68402
58 5636
1012 78956
428 41179
650 60543
2288 214963
1187 134833
1851 205733
908 103606
1510 159247
1272 121580
944 96490
819 71427
1087 105740
886 87221
81 7901
285 27662
2986 300757
382 32037
422 41109
784 82360
431 48277
215 24909
934 90998
821 77575
1233 126121
966 102644
140 12251
640 60349
792 80703
1391 146590
2470 257514
447 45357
474 48077
2067 204000
996 88975
983 101899
1220 126810
1175 105032
1705 182882
485 46370
424 43282
934 96915
1137 106240
284 27740
537 53473
654 68403
617 58942
613 62640
513 50582
1297 125880
241 18908
1883 180022
315 33758
251 22918
681 58024
1310 124017
941 96942
616 55972
529 47653
1153 105253
206 17959
262 28430
594 61366
180 19346
781 78082
3114 298754
587 52046
1284 138859
876 102096
59 6345
733 77055
738 87585
854 71671
1307 113869
1160 106325
621 63782
1671 168292
670 72064
1509 164238
579 60808
3825 376635
475 43806
737 72029
745 76280
786 61300
1353 124204
452 41318
602 55923
2054 188808
665 63199
2575 250716
1188 125694
1475 155935
590 66089
343 34966
151 17258
639 64438
2012 227653
430 40455
690 72053
638 54391
496 56699
967 96470
1120 124215
1419 144689
1670 159958
720 61670
487 46721
2555 239183
1330 151363
105 8499
384 33149
386 36424
2253 227926
253 21186
158 15935
193 19699
1432 164350
2108 220266
793 89828
514 31531
293 32302
525 46217
555 48764
918 74657
1418 125887
2611 265119
204 16511
946 78831
1533 165942
293 34631
341 34303
777 70313
163 15908
620 64537
2382 266485
58 5808
1088 106120
1222 135935
541 53861
2137 216927
2276 248625
748 76703
538 51069
381 41157
204 20651
2379 275211
719 83386
529 54444
645 68184
1000 118520
495 62094
350 28180
1300 117164
402 40988
1564 136108
510 50417
2202 227141
890 92279
697 68332
520 50543
2720 285215
457 46659
787 76345
475 49177
1731 170792
3381 375831
208 19008
796 77237
1752 175972
546 59810
312 31974
841 86788
524 54610
538 53835
1108 108416
616 58022
1836 184233
873 77947
1765 199195
1131 117915
1096 94894
267 27655
1812 155938
2397 221195
1735 173042
2240 245274
1134 103381
1051 107833
2389 212658
518 49713
2482 215845
1531 157061
636 64043
1196 126730
968 91393
548 49543
754 82648
4080 457059
979 117168
1046 108025
1362 148277
1180 94782
957 95182
536 54703
210 20583
603 66064
395 35036
2105 169329
372 35094
213 22333
1963 175208
943 97876
398 45237
537 49207
2707 303202
385 38920
494 52952
1735 167392
1049 102087
1236 133851
1662 167312
318 27221
700 80526
377 39463
1911 189995
911 107368
619 61170
915 94486
670 65812
3485 407181
533 53438
1728 163193
2228 257316
1443 144727
356 36270
1697 182230
1432 137897
241 26277
1257 116924
1824 174653
303 33311
1799 205656
1240 125839
673 70181
658 62434
1839 197427
1266 115584
970 85311
1011 84688
1715 198681
1408 130548
1354 129465
2052 197655
1315 127248
252 24196
293 32305
224 18614
1528 171806
866 84437
494 47172
356 34244
1129 99139
1236 121005
1738 193676
1696 154225
473 40633
1139 112615
4677 500088
1531 195989
2457 205716
472 47188
1803 191387
1731 159638
337 39182
1116 127717
308 31682
1086 107871
714 76720
2525 216636
1307 125177
1073 94860
257 26003
482 45845
1102 109441
1742 163139
126 12719
384 41867
1348 151530
780 76643
1638 171173
3007 278973
481 49241
141 14332
1962 181172
463 50495
858 94704
592 58905
1812 182973
1370 165931
712 65766
1977 221495
2064 217894
1899 199845
1119 107983
746 75648
1353 133638
316 30674
237 31429
227 20610
285 26612
858 87823
609 56351
917 102503
3951 420995
1999 208724
486 51250
423 42717
802 82422
1095 104054
443 38344
727 75639
672 67223
526 52155
2160 187297
1161 117015
1663 152904
1425 144664
187 18534
1340 144024
98 8565
565 54343
834 78521
176 17494
1442 153660
499 47625
479 45631
711 79794
488 50350
1194 109599
241 24226
1583 151471
279 28844
2029 193426
383 44174
881 90205
1691 174619
516 49850
1661 176712
696 76471
817 91536
235 26555
677 74767
1761 154110
285 26301
1324 126616
535 45912
447 50416
660 63536
1125 99005
2047 184904
830 82666
981 109055
811 88840
107 10543
1174 109295
602 55723
317 33291
1149 97764
2258 240296
385 37260
588 54498
589 55781
549 53836
1044 110661
124 12233
1296 136525
2019 194974
2072 228295
46 4630
1339 127810
876 96069
706 51945
250 22642
2371 234857
311 30733
1337 157837
487 41261
1455 133711
417 42692
1751 193304
1321 128408
200 15873
312 35567
1103 104525
322 29288
1761 155708
1545 139324
1187 121408
1159 109575
2499 246494
794 81572
1812 225844
1414 138846
454 42850
2052 216146
715 78769
1745 165640
737 76121
492 49719
2612 254757
254 26872
1058 108585
66 6277
1149 90372
2437 223943
1435 132889
811 78398
398 42068
641 64270
201 18392
1962 176354
1070 91631
1346 126807
565 60180
222 23581
307 27278
1141 107769
696 60477
2406 278027
1823 159463
1160 128433
487 44733
405 39268
1301 133543
268 24961
640 67019
734 65353
595 65014
1258 109462
403 33349
413 34892
2147 208245
1631 146926
372 39839
832 81875
339 26430
2150 200125
351 30819
809 95710
904 79951
924 104560
829 68203
1024 89536
1061 103879
1481 138447
788 78746
1272 114251
838 78852
505 40893
570 59278
681 53279
814 93061
538 53320
1245 127534
1030 104776
554 57859
1066 109091
1375 130556
857 84333
877 90302
987 99377
4057 405518
80 7019
359 42512
1314 151321
273 27153
374 32065
938 89601
1169 110022
953 88003
880 95603
1315 138374
1413 139377
1306 134306
809 82748
1481 127431
822 89063
2082 204377
1818 163485
775 82616
24 2553
549 47267
238 22687
831 79737
1846 163526
817 84656
163 14424
281 30421
332 33783
1909 174765
624 59268
153 16203
1266 138081
953 104704
426 42293
22 1847
437 40993
1676 168567
60 6103
1482 147583
1262 129616
1433 152995
1249 129596
670 60261
1127 111424
77 9994
499 37207
352 31745
202 20114
2429 227302
1691 122195
174 14765
1075 107001
616 63077
453 49808
1018 102061
957 99409
370 39784
1229 127726
467 46802
667 59257
330 34331
1172 95527
537 44581
1440 120455
569 59637
515 52912
758 77066
2664 290217
620 55252
2375 223149
932 96457
1853 186627
358 37065
766 72286
1222 127473
282 25934
1272 147180
384 38376
827 73284
360 37123
680 71079
802 76634
248 23103
1053 99320
1031 115171
1253 160611
637 51112
764 80959
751 74699
569 55912
324 30317
312 30865
1449 109850
2619 231479
2878 257765
222 18319
1616 161632
1249 135093
1376 133338
267 28409
743 75790
523 51738
880 92161
1944 202789
942 104020
421 38377
341 37319
814 79704
2522 240203
399 39013
1014 100906
208 21269
749 57843
1008 92338
1243 127422
507 45367
1343 134025
675 63512
493 48468
1274 114572
2276 232437
1924 171221
823 87079
1523 149699
2483 288462
1119 102698
1067 117065
835 88737
1682 174616
414 48772
2211 223728
531 59417
276 27810
1447 134877
1751 153440
1705 157602
379 34186
1428 131011
378 35926
700 70588
633 55033
31 2987
1189 134003
1576 146015
1025 99972
408 42103
475 46793
1778 158623
738 72627
2849 286112
705 63094
3483 298348
1574 156232
2496 246187
2123 201611
373 32991
808 90842
315 30438
1734 186791
1905 181170
1770 168044
830 83288
779 77979
376 43702
1028 99985
580 49850
1531 142555
