2000000
500
3214 1169896
5977 1852870
7487 718752
3965 1320345
5777 1842863
55 21230
2392 325312
8084 355696
3708 66744
7473 3340431
7462 238784
9304 2270176
2395 387990
6913 241955
5285 1331820
3327 522339
9836 4042596
4621 73936
8774 1228360
4798 1362632
4766 891242
9384 2955960
6173 1080275
5721 1086990
4320 1879200
8896 898496
1092 429156
6998 3051128
312 37752
3001 84028
2031 304650
7756 2210460
7587 523503
7376 1666976
160 21120
1065 369555
1008 61488
2065 437780
2880 918720
4083 1049331
8098 299626
2675 540350
5282 676096
5883 653013
7594 3067976
114 49362
1674 637794
4314 1371852
5892 182652
3471 65949
6587 836549
8600 3818400
1363 380277
8322 3303834
3253 247228
4012 1713124
2392 1119456
5027 1503073
2090 104500
3176 320776
2067 86814
4550 2161250
9302 4139390
1096 44936
83 36105
8534 2304180
8492 3957272
6945 277800
2068 134420
1847 548559
6010 697160
2231 528747
5281 2439822
8962 3459332
8626 707332
614 178674
9446 869032
2544 1249104
8423 3141779
4559 857092
7427 519890
5561 850833
2997 1495503
1157 113386
5026 1824438
8027 1260239
2582 20656
909 3636
5051 121224
7079 1798066
6064 2837952
3770 776620
6581 1395172
5751 810891
8446 1250008
4712 692664
7621 2873117
9649 1080688
8603 1135596
4434 1352370
9512 3956992
6016 2249984
1371 477108
2659 45203
813 224388
1596 611268
767 322140
5701 1938340
5750 2305750
8492 2505140
1808 795520
6947 1382453
6807 1232067
8155 4028570
4343 2123727
2218 982574
8537 3192838
9055 1439745
772 37828
9172 3943960
9188 2425632
7368 1760952
420 57540
761 305922
7374 169602
8198 4008822
4939 543290
9321 2759016
4905 1133055
6931 3091226
2234 636690
1374 21984
8174 1185230
9311 540038
2688 129024
3216 517776
255 78030
3869 746717
4603 989645
9808 4089936
2257 692899
7995 415740
5282 385586
1058 363952
159 17808
6321 2168103
1939 868672
6751 3267484
4743 516987
1882 430978
2714 618792
2489 868661
2082 414318
8316 3866940
3507 1129254
4336 1643344
1747 101326
4968 2399544
5266 1895760
719 350153
6906 1477884
1390 195990
9347 3710759
1309 20944
7849 3437862
2022 614688
9729 1644201
7252 3408440
2823 1219536
4910 1217680
7915 3371790
199 97112
5946 1385418
720 221040
4403 136493
3909 1110156
7161 3337026
4172 292040
2567 1162851
8673 1309623
1839 411936
1305 39150
8573 360066
938 41272
2723 803285
2101 373978
7459 2274995
1698 251304
3540 438960
1408 315392
7855 1193960
4574 503140
6 948
4854 1412514
8479 1577094
1675 469000
602 198660
191 65895
8840 380120
8478 1492128
7105 1520470
4157 353345
5817 110523
1374 151140
4739 1786603
1668 385308
6640 2735680
1210 429550
9529 4716855
6688 1912768
2217 361371
4293 356319
5562 444960
2950 433650
9603 2189484
8171 1291018
3177 1223145
7151 1044046
8308 2916108
938 50652
7284 2549400
1912 780096
3477 956175
4381 293527
3159 1510002
2975 719950
3847 1900418
6507 364392
4816 929488
2484 1224612
2197 408642
4671 1279854
8183 679189
7247 3050987
2505 896790
2875 43125
374 153714
5988 2407176
5915 218855
6066 1128276
3928 616696
225 98325
7708 1325776
5391 2560725
9308 3490500
7670 1978860
707 230482
6512 814000
230 66010
8309 3747359
8137 3417540
988 3952
8118 2719530
7132 1825792
2585 274010
3929 667930
1251 278973
9014 2082234
6210 2918700
2419 324146
5768 1193976
9793 3545066
1173 424626
1221 166056
3765 576045
3222 927936
1868 54172
6038 1153258
4095 286650
681 59247
4285 98555
9049 3121905
138 38502
4137 1323840
3768 1364016
4445 1911350
1812 161268
8061 1080174
9506 532336
7426 3579332
7539 761439
3841 1835998
6262 1033230
4879 1351483
1730 840780
5060 1841840
8608 51648
2637 340173
2561 955253
9217 2359552
8713 3459061
4204 975328
9294 4619118
9867 3877731
5293 1090358
3677 849387
96 7488
9911 4350929
351 151983
4985 209370
4470 1783530
8556 3884424
7065 3228705
1723 39629
3770 904800
4515 1936935
6445 1714370
4436 2098228
7366 1090168
1014 302172
1862 435708
6311 340794
2837 348951
6565 203515
8927 3410114
482 49646
4730 89870
3516 435984
3477 1543788
6614 3240860
4633 1176782
8507 1854526
3422 1303782
6902 2581348
8630 4245960
916 421360
6308 2592588
2134 578314
6450 2502600
88 24816
2667 642747
8503 1896169
9163 192423
3778 1174958
3852 1744956
2888 1172528
717 323367
2191 968422
9848 1890816
9757 4458949
8586 1803060
5138 503524
5677 2412725
1265 16445
6347 1351911
8045 2598535
1603 216405
9113 2697448
8089 2887773
5473 1346358
2586 672360
8459 4212582
5156 2119116
2693 175045
7350 801150
9623 2723309
297 49896
9951 1064757
2991 1298094
2252 434636
1196 358800
1875 879375
4240 508800
3204 214668
2266 1019700
4031 1060153
9779 3256407
5331 357177
8366 886796
6998 153956
4356 56628
5823 2515536
8248 1105232
763 326564
2042 169486
3989 873591
9151 4127101
7085 439270
9651 3889353
3927 1680756
2427 686841
6773 250601
660 272580
43 11266
7419 1609923
2813 53447
3920 1332800
6632 2831864
8872 4338408
9242 55452
9756 663408
9813 1766340
1778 376936
1040 477360
1590 170130
333 105561
5121 2258361
9751 1774682
3695 968090
4398 439800
2985 125370
9701 4481862
9710 4592830
3174 806196
612 80172
9033 3026055
1963 616382
2263 848625
2055 228105
7787 2741024
9156 878976
7309 1988048
3874 941382
7359 3289473
9138 2503812
1778 869442
2134 507892
9436 2642080
4560 1440960
7439 3288038
7587 1661553
5135 61620
7109 2090046
8454 2781366
8712 3510936
2874 560430
6512 1927552
7479 2228742
6570 2700270
9891 2799153
1805 122740
5761 2022111
9087 3480321
9975 319200
202 37774
5656 497728
3473 1066211
9854 266058
8103 3176376
2838 1109658
427 184891
4828 1622208
6807 285894
9231 3415470
1001 363363
2352 849072
9748 2641708
2691 1297062
3539 937835
313 148988
4300 1496400
7956 1607112
9104 282224
7118 1345302
6531 2259726
3031 1142687
9991 2347885
6331 82303
7439 327316
4300 1406100
5337 80055
7427 2747990
3346 709352
9399 535743
5619 219141
6493 584370
1355 46070
2656 810080
2115 211500
8803 404938
5237 2597552
3963 1624830
9694 3043916
8243 2390470
8079 3086178
5311 414258
6601 2290547
5901 1038576
7756 3242008
265 99375
7433 1538631
1140 508440
2610 882180
4563 647946
7998 1367658
7203 3291771
9490 569400
7518 917196
2218 4436
4156 1138744
9961 4851007
8842 3581010
6324 2656080
9709 3009790
2732 152992
9750 2973750
8029 2368555
1970 185180
6481 3020146
4463 633746
