25000
5000
9 858
9 901
9 920
8 672
12 1222
6 616
6 530
13 1342
10 967
10 984
9 886
11 1187
7 681
7 701
10 1009
13 1342
9 942
8 741
11 852
11 1151
8 698
12 1027
7 599
6 592
13 1288
9 889
7 589
12 1207
10 970
12 1255
11 996
14 1633
10 1039
9 939
7 852
12 1357
9 959
11 1069
6 571
13 1361
14 1369
3 333
15 1512
12 1362
8 832
12 1067
13 1133
9 977
1 96
13 1402
8 762
8 874
15 1517
9 789
8 771
12 1208
14 1341
10 995
9 949
10 968
15 1659
12 1361
17 1667
6 593
11 1160
5 461
14 1364
15 1658
7 756
11 1072
8 939
12 1361
12 1261
8 845
11 1084
5 457
2 209
7 680
13 1182
8 689
12 1342
9 770
10 908
11 984
10 1005
12 982
7 649
4 394
11 954
4 381
7 591
8 822
13 1175
9 980
16 1672
15 1449
11 1123
7 659
15 1641
12 1269
12 1287
11 921
5 525
8 731
16 1475
8 825
6 533
11 1290
8 776
7 632
10 1082
6 574
13 1452
7 670
8 779
8 666
9 905
20 1501
10 1075
5 466
12 1197
15 1663
8 809
12 1223
3 235
10 921
12 1131
12 1151
11 1209
12 1327
9 768
9 828
9 857
9 937
11 1092
10 966
12 1242
8 767
12 1032
11 993
9 892
11 1056
12 1253
9 787
11 1329
14 1341
8 853
10 1041
5 622
9 847
10 819
8 904
13 1368
9 899
8 789
12 1187
15 1737
9 930
10 899
8 857
7 786
7 702
5 515
8 950
14 1422
8 901
7 776
12 1206
17 1631
11 1028
14 1477
14 1417
6 585
7 639
5 534
11 1216
18 1887
9 803
10 777
16 1866
13 1336
9 822
13 1515
10 1164
12 1331
8 830
13 1263
13 1306
19 1949
17 1715
8 934
8 691
7 573
8 712
11 1130
10 1218
12 1013
13 1451
11 1141
9 952
8 795
12 1252
8 789
2 191
15 1487
9 889
9 966
7 827
9 807
13 1412
11 1025
9 786
6 708
5 498
18 1941
5 452
12 1140
8 824
12 1250
5 464
10 1088
10 862
13 1348
6 619
10 946
11 1189
10 1070
9 963
12 1163
3 326
16 1590
8 778
10 1090
7 553
16 1548
19 1872
4 409
9 863
10 938
15 1592
10 1020
7 573
12 1183
9 905
11 1156
7 818
11 1029
14 1579
7 663
10 987
6 578
12 1288
7 671
11 1181
3 287
9 937
5 427
10 957
10 1069
13 1337
17 1946
17 1857
8 863
7 662
11 1098
5 436
4 496
6 586
4 481
11 1056
9 846
12 1219
14 1548
11 1046
15 1371
12 1218
9 779
13 1272
7 786
9 919
15 1382
8 835
6 666
9 923
8 803
8 797
11 1031
10 1117
8 909
9 813
7 767
11 1017
15 1565
6 712
10 1044
6 624
9 989
13 1023
10 837
14 1356
11 1238
11 1236
10 1118
6 597
10 1101
12 1217
8 870
10 901
9 864
12 1163
12 1535
9 928
9 893
16 1652
10 952
10 980
13 1344
8 604
7 577
10 1120
10 1061
10 848
13 1318
10 949
10 1207
10 927
13 1244
10 794
8 887
16 1963
8 814
11 1123
6 596
8 720
7 655
9 926
17 1624
12 1265
13 1282
4 352
7 724
11 1159
6 656
8 726
9 907
8 806
10 1056
7 724
5 464
11 1158
9 752
11 986
13 1363
11 1149
6 618
6 607
6 672
9 793
11 1218
8 635
8 807
8 812
11 1021
17 1489
11 995
10 1061
8 794
8 843
16 1717
13 1295
9 954
11 1132
10 1000
10 1022
12 1210
7 600
10 928
11 1066
12 1165
6 609
13 1448
15 1330
11 959
12 1109
13 1377
12 1249
12 1013
9 733
4 417
10 1074
15 1808
8 729
10 886
15 1443
6 627
13 1384
9 888
5 474
10 797
9 813
4 415
9 939
11 1074
15 1445
11 1212
12 1179
10 915
12 1456
7 743
12 1231
12 1167
12 1132
18 1792
8 780
10 971
15 1334
10 1039
6 522
7 681
6 699
8 707
17 1855
9 785
6 605
9 873
2 218
7 744
12 1160
5 501
2 203
10 904
9 866
16 1646
11 1258
9 766
11 1221
5 495
9 884
7 696
8 826
7 732
16 1393
12 1088
5 525
12 1357
16 1448
8 818
10 918
12 1224
5 555
5 516
12 1001
15 1112
11 1263
11 1074
8 762
16 1649
16 1805
11 854
11 1054
6 561
12 1339
13 1217
10 1010
10 1300
5 472
4 453
9 862
18 1797
10 1027
13 1366
10 997
8 924
8 742
6 624
9 943
8 781
11 1029
10 1037
10 1113
10 997
10 1148
11 1054
10 1086
10 1103
12 1201
6 598
11 983
5 485
12 1247
7 709
10 956
5 535
10 835
10 978
9 995
10 953
13 1221
9 872
11 974
9 895
7 701
10 1079
6 507
8 888
16 1618
12 1098
15 1662
8 711
10 985
13 1370
12 1236
12 1117
8 758
10 1066
7 835
7 565
11 1110
11 1212
8 860
9 1114
8 851
12 1062
8 795
7 657
7 768
9 919
11 787
9 998
9 903
7 675
8 795
7 678
17 1791
6 605
10 1221
10 958
5 506
7 709
14 1345
7 773
6 697
9 915
7 724
9 740
6 605
9 988
13 1356
13 1121
9 938
7 691
11 1214
14 1255
10 956
16 1538
10 940
11 978
11 891
11 1067
11 968
9 857
11 1171
15 1766
7 834
11 947
15 1424
14 1413
6 439
14 1453
7 697
17 1783
11 1200
13 1124
11 1339
9 896
11 1187
9 789
10 963
11 1111
9 819
15 1570
10 1117
5 580
10 1066
11 972
14 1541
12 1070
10 1077
8 698
20 1897
13 1284
8 824
6 556
12 1301
15 1252
8 851
9 949
12 1334
11 1200
15 1504
11 1214
10 976
9 865
8 797
5 376
4 363
9 874
14 1401
9 957
11 1003
10 957
10 1124
9 843
8 791
8 743
9 1112
12 1174
11 1107
14 1201
7 688
17 1698
19 1726
11 1088
5 479
6 645
9 952
8 935
18 1991
9 979
8 747
10 992
12 986
11 1207
9 901
6 642
9 895
3 320
16 1738
9 780
16 1730
13 1050
14 1125
9 979
6 662
10 1071
9 841
5 410
7 650
11 1008
11 1203
8 788
9 978
5 409
12 1266
10 1121
12 1348
6 532
7 587
12 1266
18 1845
13 1247
12 1328
13 1342
14 1504
5 464
8 768
17 1755
12 1167
10 1066
13 1167
15 1515
5 473
6 647
11 978
4 399
11 1133
12 1314
13 1434
7 637
8 833
15 1423
11 1252
12 1146
12 990
8 809
9 866
11 1010
10 878
10 958
15 1381
6 555
7 637
10 1011
5 473
9 901
14 1460
9 906
8 832
13 1282
14 1283
14 1430
11 1091
13 901
12 1242
15 1713
16 1636
14 1334
4 441
11 1116
10 910
9 855
7 693
5 483
12 1179
5 456
3 245
8 767
11 1119
13 1287
8 705
6 599
13 1323
10 902
13 1370
10 1050
6 709
11 1206
14 1183
7 839
14 1481
5 506
13 1151
13 1406
8 837
11 1170
9 790
11 1128
8 840
10 949
9 983
12 1382
7 640
10 1143
9 813
12 1099
18 1948
10 924
14 1405
17 1677
9 863
12 1074
10 1150
6 628
10 971
14 1502
9 864
8 840
15 1590
6 621
7 886
16 1683
7 731
12 1014
7 610
5 478
8 604
9 836
14 1636
9 859
6 575
8 750
14 1560
10 1095
9 951
9 887
10 1120
8 894
10 1035
7 649
13 1392
9 1029
8 805
12 1459
9 793
12 1301
8 764
15 1582
10 977
8 809
8 774
8 709
7 707
14 1593
5 476
6 583
13 1136
9 858
12 972
17 1858
7 787
7 687
11 961
6 636
5 548
6 548
11 1047
8 874
13 1159
11 1260
13 1380
10 1048
10 943
4 413
5 409
7 756
11 1251
11 1053
12 1041
16 1644
7 706
9 770
11 1096
14 1194
7 708
4 427
8 780
10 1164
12 1227
9 867
8 643
12 1145
12 1015
6 559
13 1305
18 1822
5 395
13 1346
15 1438
8 940
8 748
7 691
3 334
11 1116
9 881
7 610
16 1769
8 1003
10 1061
7 780
12 1256
11 1140
4 381
14 1527
12 1260
6 613
13 1176
7 738
9 923
13 1224
9 1056
12 1287
12 1299
9 794
10 918
11 1120
14 961
11 1133
10 875
11 1008
7 609
15 1693
14 1486
13 1533
9 828
11 1098
10 1015
12 1206
11 1152
11 1013
11 1223
7 580
13 1476
10 875
16 1773
13 1484
7 615
9 845
12 1239
8 724
9 842
8 813
12 1234
9 909
5 480
7 826
11 1038
9 954
6 575
18 2062
17 1916
10 1055
9 780
8 838
12 1261
14 1489
7 692
12 1197
13 1118
7 639
7 807
11 1163
12 1187
11 1128
6 561
8 797
7 665
9 644
12 1294
8 875
9 810
6 615
7 640
11 1029
12 1188
12 1048
10 1179
16 1784
10 883
8 887
7 630
10 953
11 1123
14 1267
11 1193
12 1200
6 564
7 777
9 973
10 976
12 1042
7 708
3 342
10 1156
9 877
14 1318
13 1354
12 1261
8 747
15 1660
8 787
11 1110
13 1450
17 1922
10 906
8 711
5 445
12 872
11 853
8 777
10 990
10 918
11 965
12 1099
9 851
8 895
10 1008
10 884
8 767
10 812
6 653
9 815
9 1005
9 975
8 751
14 1431
4 301
3 341
15 1637
10 980
10 900
9 962
10 1116
12 1224
12 1032
13 1272
10 969
6 564
10 950
12 1277
10 1042
12 1235
10 1026
14 1138
6 578
3 281
16 1704
6 558
10 1167
6 583
10 1273
6 628
13 1371
13 1621
17 1845
11 808
4 427
9 955
13 1099
14 1309
13 1371
15 1415
8 723
13 1349
5 556
13 1364
11 1249
11 1085
6 597
15 1534
12 1269
13 1207
10 961
8 628
10 1128
4 291
8 835
7 814
12 1149
14 1299
8 868
11 1035
13 1218
8 794
9 882
6 600
6 539
7 882
7 632
13 1201
10 911
8 963
9 874
9 1119
7 754
7 660
9 912
12 1014
7 792
7 716
7 785
11 1162
9 885
10 1083
14 1465
10 1061
9 917
8 804
18 1814
7 630
11 1126
10 1043
15 1702
11 1000
2 183
14 1242
12 1394
8 783
8 729
14 1375
10 1027
15 1393
6 505
5 423
6 584
8 700
14 1586
10 1066
11 1039
13 1141
10 975
9 785
13 1516
11 1095
17 1373
11 1117
9 911
11 980
8 891
14 1278
14 1450
10 916
15 1550
13 1330
9 933
11 1156
18 1765
5 480
7 646
11 902
12 1117
10 1039
9 709
10 1118
8 754
12 1246
8 791
6 586
14 1390
8 732
9 936
10 882
8 718
11 1117
8 852
12 1278
9 832
9 1168
8 839
10 1111
9 1052
11 1074
14 1263
15 1396
10 1122
3 291
10 1032
8 777
8 823
7 736
8 784
9 853
14 1409
8 931
10 998
12 1317
10 1061
10 1207
6 641
6 602
8 693
12 1306
9 818
10 1007
9 860
13 1299
12 1213
9 986
12 1252
10 965
5 552
10 784
13 1315
14 1302
8 814
11 1040
9 802
11 1120
6 578
9 899
13 1433
5 519
9 818
4 395
7 637
11 1138
8 851
7 784
12 1252
9 792
7 689
12 1260
16 1552
12 1203
8 740
11 1110
6 584
12 1376
9 959
17 1553
9 703
12 1147
12 1267
9 865
11 948
11 1173
4 361
9 978
10 898
14 1450
16 1533
10 933
7 589
11 1093
9 1036
8 605
6 614
7 619
13 1410
11 1217
15 1370
10 853
11 1140
11 1114
10 1131
13 1031
11 1248
10 918
7 712
10 1324
14 1415
6 586
6 534
7 691
11 1138
8 888
10 968
7 821
12 1387
6 640
11 1067
8 856
10 997
15 1669
8 766
9 762
6 557
8 732
7 673
12 1274
7 754
12 1117
12 1091
6 677
8 714
12 1129
12 1229
12 1190
9 993
6 508
6 518
8 829
6 473
9 883
9 722
6 609
12 1203
11 987
12 1150
9 857
8 638
19 2168
10 1115
11 1252
8 773
17 1501
10 952
11 1180
12 1149
15 1564
6 684
9 971
7 615
4 356
12 1244
16 1853
15 1918
18 1712
9 799
20 2056
12 1245
10 1004
18 1297
12 1397
12 1217
9 824
6 528
14 1427
10 1029
8 630
13 1364
5 469
10 964
7 679
3 325
9 931
15 1548
10 975
5 577
8 801
13 1193
13 1291
9 858
8 859
13 932
12 1307
7 726
11 1069
17 1282
7 708
6 586
8 846
5 597
7 809
9 902
8 641
8 764
13 1167
7 608
9 1037
7 751
6 569
8 717
9 838
8 898
8 799
11 1380
9 852
11 1046
16 1625
6 656
11 1291
11 1095
6 540
14 1399
6 621
15 1543
7 801
10 954
8 717
8 724
7 698
13 1451
6 578
8 841
16 1408
10 960
9 972
12 1279
8 832
12 1120
6 765
10 883
7 730
13 987
13 1310
9 931
9 817
9 745
15 1417
13 1286
16 1621
7 710
12 1207
8 807
19 1895
5 462
9 859
10 1045
13 1451
7 697
9 758
13 1226
10 1081
12 1124
9 898
9 970
6 613
12 971
11 987
11 932
11 1098
11 1001
9 810
8 898
9 920
7 688
8 732
9 1038
12 1179
11 1009
15 1627
10 1225
13 1376
10 953
10 847
9 944
12 1207
8 691
9 770
10 1074
10 1237
10 1007
7 719
11 1116
8 825
16 1631
10 848
7 659
16 1612
8 835
9 1019
5 481
6 573
8 812
11 1127
11 1156
5 547
8 912
8 987
11 1101
6 572
7 748
11 882
11 1146
15 1542
8 729
10 1076
12 1208
14 1341
9 948
9 909
6 571
7 629
7 792
7 686
8 810
10 1160
12 1290
9 1026
13 1234
10 907
17 1626
15 1545
9 957
12 1101
12 1254
11 1050
7 731
5 460
10 1142
7 729
6 682
12 1242
8 607
15 1387
11 994
16 1591
10 1003
13 1245
11 1081
11 1113
13 1136
11 1122
14 1140
11 1166
6 640
8 839
9 726
12 1246
7 615
8 691
12 1427
5 522
10 841
10 1141
11 1057
5 554
11 1024
8 942
9 1136
11 933
17 1829
13 1525
10 1106
15 1643
19 2035
10 1077
12 1178
9 838
15 1370
4 440
8 770
5 448
3 270
15 1424
13 1377
10 1183
10 913
10 943
13 1175
10 909
9 851
11 937
7 770
9 958
13 1347
8 744
8 866
4 391
11 1112
12 1344
9 942
10 930
6 550
8 888
9 859
10 934
13 1321
7 644
9 1055
9 953
11 990
20 2145
12 1138
16 1785
9 816
10 1096
12 1381
9 1054
6 686
9 960
17 1419
6 506
12 1092
4 414
10 984
18 1705
16 1768
5 487
9 871
14 1409
19 1728
11 1048
18 2301
14 1521
10 1003
10 885
8 833
11 1193
11 1093
8 872
7 807
9 878
8 931
5 552
12 1189
18 1703
13 1175
13 1585
9 1090
8 800
11 1245
12 1334
12 1246
8 754
9 1018
10 943
14 1375
14 1581
14 1478
10 1206
13 1366
11 945
9 1047
6 605
15 1479
10 990
11 1152
9 792
11 1216
9 985
12 1086
14 1213
18 1557
16 1629
10 833
12 1223
12 885
9 829
8 886
13 1142
6 560
11 1107
9 917
14 1400
6 616
13 1350
9 929
4 373
6 532
11 1068
6 690
6 597
10 1105
13 1331
13 1389
6 492
15 1355
11 1146
17 1624
7 823
10 911
18 1754
7 650
13 1434
15 1466
13 1335
11 1138
9 930
12 1090
13 962
9 976
13 1224
12 1203
10 1057
6 563
7 717
5 573
14 1569
11 1232
13 1372
13 1276
7 773
11 1026
19 1656
14 1441
14 1402
13 1333
14 1463
10 889
13 1284
11 1202
7 694
8 650
9 901
15 1702
8 737
11 1010
10 953
10 1026
9 725
15 1451
11 916
10 980
11 1224
11 1057
6 524
12 1109
9 849
7 778
12 1146
10 942
6 751
7 723
10 995
6 643
10 1036
5 385
7 783
9 945
11 998
12 1229
6 648
12 1238
15 1365
14 1332
8 866
13 1401
12 1205
11 1101
14 1496
12 1108
12 1401
6 656
13 1219
10 1061
12 1169
11 1048
13 1362
12 1272
11 1081
6 572
11 1154
17 1663
3 269
13 1387
14 1298
10 995
9 1033
8 841
8 861
12 1374
9 911
11 1197
8 843
13 1410
9 724
10 951
4 404
12 1269
13 1286
5 516
6 628
12 1173
10 942
16 1467
9 1004
10 1009
8 839
10 1049
6 516
13 1248
10 964
11 852
11 1238
11 1357
17 1687
6 583
9 1049
11 870
11 1103
9 854
3 297
13 1121
4 358
9 884
7 673
14 1596
9 874
10 1125
10 1080
12 1096
9 822
15 1655
11 1131
7 768
12 1229
14 1369
11 1139
11 1163
18 1531
15 1488
9 1052
16 1680
8 655
8 840
10 1043
9 809
10 1065
13 1383
12 1082
9 936
8 837
9 1031
7 759
14 1288
13 1453
12 1292
9 959
8 893
9 892
14 1385
9 861
6 577
8 755
10 987
6 649
7 678
7 678
8 895
13 1100
11 1183
10 1042
12 1247
10 960
14 1186
7 680
12 1373
14 1414
7 689
13 1122
12 1279
7 803
15 1439
8 713
14 1684
15 1687
7 738
12 1390
10 861
6 593
9 907
6 629
12 1031
6 615
8 946
6 562
15 1353
6 584
7 724
7 734
12 1139
12 1246
7 585
9 828
12 1275
10 1078
8 732
7 650
13 1309
13 1434
7 680
10 952
12 1197
12 1237
12 1209
10 820
10 1004
10 1017
12 1154
14 1745
14 1490
7 684
13 1210
11 1063
13 1236
8 710
8 849
11 1124
7 692
11 1027
5 420
16 1748
7 777
4 413
12 1302
9 884
11 1129
12 1207
13 1405
11 1288
10 925
11 1108
9 842
9 690
11 1180
11 1277
6 554
13 1303
7 683
4 397
9 832
13 1402
7 796
8 796
13 1109
13 1376
9 777
10 1126
15 1518
10 1074
10 1065
6 569
10 1007
8 782
15 1503
8 866
11 1258
8 866
12 1151
10 908
3 287
5 429
11 1002
12 1066
8 915
10 940
12 1197
6 533
11 1099
5 517
8 699
13 1401
14 1519
13 1298
15 1408
8 708
10 1070
11 1069
9 1038
4 385
8 908
6 542
10 1073
16 1382
13 1398
7 718
12 1199
9 900
10 1081
9 902
11 983
13 1230
6 511
10 972
8 655
8 931
11 945
10 1000
9 962
11 1208
6 671
11 1056
13 1062
16 1472
13 1282
10 1180
10 984
7 787
12 1123
9 791
9 944
11 1113
7 716
11 1224
13 1447
10 917
8 729
7 672
13 1195
17 1832
9 872
9 988
6 659
5 536
11 1148
10 842
9 826
9 966
10 943
9 1018
8 746
10 955
12 992
9 850
9 1083
5 511
12 1174
8 923
12 1207
11 1247
7 608
14 1781
10 968
9 1048
8 913
10 1111
6 575
14 1383
5 559
12 1199
5 552
12 1325
10 1007
15 1753
13 979
11 1115
9 894
10 807
7 778
14 1507
9 907
3 374
13 1413
12 1039
10 1057
10 1116
8 701
10 1066
10 1061
11 1246
15 1652
10 1172
15 1791
8 755
11 1059
7 615
10 946
12 1059
9 803
5 469
16 1413
12 1066
13 1354
12 1181
11 1235
9 862
8 843
12 1165
9 1008
6 637
15 1793
12 1361
5 436
19 1792
10 884
15 1509
9 758
8 820
5 526
11 1162
15 1480
6 758
10 1079
12 1138
9 985
12 1217
12 1364
5 507
15 1128
10 1117
11 968
7 759
14 1462
10 1018
13 1329
9 873
8 846
7 709
9 1016
5 518
11 962
11 1210
10 941
9 814
7 840
8 768
11 1052
7 764
10 775
7 654
14 1265
11 1037
13 984
9 776
12 1216
9 895
10 1006
5 461
14 1397
5 468
3 325
7 767
11 1157
14 1393
12 1281
8 945
8 685
6 605
8 786
10 1138
8 791
13 1320
16 1690
8 812
19 2049
12 1210
9 715
17 1930
6 598
14 1449
7 636
10 1020
9 1011
5 469
6 573
8 847
8 833
8 833
14 1499
12 1235
8 921
10 880
5 474
10 905
9 863
15 1434
10 1066
9 907
8 791
13 1061
7 625
20 1889
8 841
15 1682
12 1460
9 925
9 923
15 1461
10 1121
11 1141
8 709
11 973
11 1080
10 1030
12 1298
5 501
6 588
15 1463
11 1041
9 977
10 1089
7 784
7 752
14 1195
12 1248
10 875
9 932
14 1471
11 963
12 1210
9 808
11 1000
9 812
5 508
12 1264
6 612
9 1109
8 782
10 821
13 1431
8 652
8 710
11 953
8 715
9 835
8 717
8 747
10 858
9 931
12 1176
9 909
4 521
9 845
9 918
6 641
14 1256
9 918
10 1105
9 905
18 1813
7 718
8 921
13 1346
12 1258
15 1626
10 976
7 762
10 837
11 1009
10 1060
11 1003
8 852
11 1144
14 1278
7 709
10 870
16 1772
8 888
5 475
13 1336
11 1090
10 963
11 1106
9 681
6 458
10 1017
7 714
15 1540
11 932
12 1144
12 1315
2 163
9 913
13 1421
12 1187
12 1269
6 645
11 1174
17 1663
6 591
7 725
5 513
11 1040
9 944
10 1021
11 1148
9 861
13 1222
7 600
10 818
9 938
12 1200
12 1345
14 1147
11 947
8 885
7 661
20 2116
9 816
12 1137
10 1024
6 597
7 780
15 1957
12 1161
12 1182
13 1424
10 928
18 1705
13 1581
10 946
11 1066
5 441
8 886
7 799
7 686
16 1649
13 1215
5 527
10 963
11 1087
8 899
9 868
7 788
13 1221
16 1641
15 1394
18 1792
9 990
15 1536
9 1003
7 725
12 1193
12 1308
12 1214
15 1443
4 429
10 965
8 802
9 1060
10 1143
11 1227
6 625
7 690
11 1174
8 699
9 887
5 477
4 382
6 600
11 1080
8 911
7 670
13 1244
9 917
12 1425
13 1442
10 935
8 902
7 754
6 585
10 961
11 1139
10 1148
10 1010
11 1006
7 662
9 898
6 562
11 1193
5 425
14 1709
7 586
9 998
5 489
8 759
9 909
8 819
8 772
10 884
10 911
14 1452
10 978
12 896
14 1348
5 494
11 1163
7 714
12 1241
12 1053
15 1253
11 1012
3 332
6 632
10 895
14 1354
7 720
8 873
8 645
16 1747
7 646
10 1001
8 773
12 1222
9 874
10 1128
10 1069
20 2175
11 1282
11 1204
15 1455
15 1423
7 757
11 962
4 422
11 1244
12 1176
11 1141
6 538
8 963
13 1463
5 593
8 806
15 1508
11 1000
9 908
7 646
13 1336
9 902
5 463
7 670
10 878
7 744
9 803
15 1318
14 1331
12 1120
8 930
9 1061
11 1046
6 500
14 1052
8 809
6 466
9 846
9 860
11 1047
8 874
11 1065
7 760
7 669
14 1331
9 868
12 1119
12 1250
9 934
12 1180
12 1188
11 1183
12 1263
5 489
10 1110
12 1205
6 582
7 607
7 655
15 1517
10 904
7 759
10 1104
14 1457
10 947
13 1423
14 1564
14 1401
9 876
11 1017
11 1006
6 615
9 904
11 1198
9 894
8 839
16 1755
7 540
8 852
9 850
14 1289
9 838
9 887
5 587
10 968
6 549
12 1166
7 654
6 595
9 911
9 852
3 310
6 545
6 598
8 706
11 1156
9 795
10 988
8 859
4 411
10 1060
14 1582
8 731
10 1021
10 1051
7 582
11 1096
12 1297
12 1241
14 1343
12 904
9 1048
14 1362
7 669
7 720
12 1249
14 1391
12 1236
13 1252
4 396
11 1135
10 1122
13 1217
9 935
8 833
7 752
11 1047
9 942
5 466
11 1165
7 889
6 575
7 700
8 838
12 1192
2 205
7 620
14 1268
12 1220
12 1241
9 928
9 961
11 1114
8 855
12 1094
13 1155
11 1065
12 1148
8 904
12 1311
12 1193
14 1546
10 953
7 621
14 1378
7 760
11 1246
12 1302
12 1172
14 1519
18 1768
10 1089
11 923
5 509
9 904
14 1418
6 675
7 740
9 959
14 1501
12 998
12 1222
6 598
16 1847
10 902
12 1031
8 824
5 539
10 1100
6 658
4 470
13 1054
12 1317
13 1132
19 2000
7 665
11 1204
7 717
7 697
9 959
10 975
15 1395
10 981
6 594
10 968
7 756
10 1010
5 455
14 1280
10 739
10 1168
12 1328
11 1072
8 861
14 1461
8 932
16 1533
10 1041
10 912
6 586
5 433
6 614
7 786
14 1322
17 1577
14 1267
14 1408
5 488
14 1434
12 1084
8 836
9 871
5 411
9 850
10 854
12 1056
14 1407
8 739
7 705
8 749
9 725
10 1115
9 1095
12 992
9 821
10 1081
5 591
10 979
12 1011
14 1108
8 762
13 1230
13 1185
8 708
18 1969
8 782
6 600
6 570
9 950
9 1007
10 1191
12 1390
8 917
8 822
10 836
7 818
10 963
11 1057
13 1346
10 1054
11 1286
10 1044
7 735
7 772
5 487
7 663
9 837
11 1230
11 1058
13 1306
8 702
13 1225
7 737
8 784
8 590
4 398
9 1066
7 757
4 390
7 479
10 1084
10 861
9 862
17 1674
13 1222
8 801
12 1117
11 1225
13 1198
14 1591
5 484
10 1069
12 1283
7 775
15 1571
6 528
9 879
17 1308
14 1418
9 930
11 891
12 1273
11 1208
8 693
10 926
9 1016
8 825
12 1383
9 1033
7 647
5 432
13 1131
10 1038
14 1436
8 781
13 1449
10 1064
14 1581
6 571
13 1304
7 698
9 976
10 1027
7 752
10 840
13 1125
11 1173
10 858
12 1309
14 1205
9 867
14 1291
11 1064
15 1280
8 809
8 817
12 1118
8 790
7 669
8 901
11 1026
6 582
18 1943
7 702
9 953
14 1185
15 1748
8 591
10 862
11 1149
9 874
11 994
12 1441
8 689
4 431
9 793
8 894
9 805
9 944
9 822
5 473
22 2222
9 967
10 871
11 947
10 707
9 931
7 686
11 1064
13 1160
6 508
13 1285
10 818
8 827
11 1033
12 1017
8 780
12 1410
7 755
10 1150
8 649
13 1358
12 1510
10 1030
12 1503
13 1525
11 1022
18 1704
4 370
11 1044
5 568
16 1430
7 723
16 1770
11 1057
15 1562
9 976
10 1015
7 781
9 790
13 1325
8 752
19 1924
10 996
10 1031
9 710
7 656
8 810
9 905
12 1113
10 1010
8 843
7 674
9 742
11 1155
13 1131
12 1259
7 548
7 748
13 1363
14 1483
7 698
6 669
10 969
9 933
8 741
8 860
9 940
11 1176
10 1028
7 588
12 1173
11 1015
10 787
7 761
13 1426
8 835
13 1287
8 840
10 1198
11 1314
9 893
6 625
10 1087
9 913
11 1065
8 739
14 1258
7 720
6 559
12 1284
4 421
17 1617
12 1271
9 926
13 1398
12 1418
14 1316
10 938
7 569
9 957
13 1252
17 2007
17 1770
16 1678
6 605
11 1035
8 784
9 882
11 1146
8 824
9 975
11 1164
8 841
9 921
7 715
13 1325
7 668
16 1582
9 769
13 1274
8 695
12 1134
7 640
7 738
4 391
11 1261
11 1191
9 843
8 779
13 1410
8 705
14 1499
7 797
12 1077
13 1231
3 323
7 674
14 1521
16 1580
12 1074
9 938
12 1477
13 1436
9 1076
13 1502
10 977
12 1187
9 850
18 1611
14 1435
8 776
11 1111
11 1111
6 629
13 1218
7 731
9 963
8 967
13 1389
17 1771
10 1059
10 978
10 877
17 1591
6 654
10 901
10 967
9 862
12 1202
11 1140
12 1098
11 1072
6 641
14 1484
9 900
10 1061
6 543
12 1193
4 419
7 769
10 941
12 1234
8 743
14 1555
6 563
3 300
10 1050
9 985
10 971
2 218
13 1335
8 626
12 1132
18 1716
10 1069
4 381
11 1016
15 1713
8 824
8 726
7 783
2 210
8 937
9 946
7 674
11 1210
10 971
11 1076
12 1292
7 625
9 912
8 871
9 867
7 647
11 1091
9 823
9 874
13 1374
13 1272
8 725
12 1108
12 1170
15 1483
11 1176
16 1733
13 1327
10 1065
13 1261
7 700
14 1624
11 1097
12 1004
13 1402
4 406
15 1668
6 672
4 401
7 756
9 920
8 776
12 1334
14 1492
19 2142
15 1446
10 861
10 832
12 1196
6 608
19 1781
12 1199
10 1190
8 904
13 1358
7 680
7 606
11 1267
12 1342
13 1313
13 1401
7 710
7 713
10 973
9 840
8 829
16 1538
12 1391
14 1317
10 1020
6 656
12 1254
11 1037
9 820
9 845
5 441
6 609
10 852
14 1462
11 1248
8 726
10 960
6 496
11 978
10 1011
9 855
10 1139
9 820
8 735
10 1079
15 1674
13 1190
7 782
4 390
11 1087
8 934
6 551
12 1091
8 675
4 405
7 765
17 1402
8 747
11 998
10 949
12 1158
7 721
11 1290
9 899
12 914
14 1444
12 1299
10 1031
15 1663
9 1015
11 975
13 1362
9 1073
5 453
10 993
9 871
9 853
14 1689
11 1082
7 761
11 1285
7 608
16 1635
13 1095
10 936
11 1036
10 1137
9 864
10 1081
8 663
13 1295
12 1358
10 1101
12 930
11 1074
7 730
9 1003
4 404
12 1180
7 674
11 934
10 950
9 734
10 1241
12 1342
9 727
11 1015
19 1748
6 609
11 1053
11 1222
10 828
12 1301
9 975
5 566
8 721
11 1021
9 871
5 518
20 1974
8 823
6 596
8 704
8 847
10 948
11 1057
11 979
10 1037
14 1548
11 1105
5 508
13 1314
13 1517
9 821
8 862
13 1486
3 336
9 788
15 1367
9 808
7 718
10 983
13 1208
14 1766
11 1206
10 1045
10 858
12 1073
4 464
8 804
7 763
8 947
6 694
9 1016
14 1204
13 1402
5 502
11 1181
9 889
11 1069
6 659
8 703
7 758
12 1414
6 566
12 1354
9 789
9 796
10 942
14 1388
7 691
12 1418
10 1145
13 1294
15 1524
9 999
9 1053
5 479
11 1263
16 1662
11 1064
8 757
8 695
14 1312
11 1024
7 714
11 1097
14 1192
15 1398
16 1568
8 729
11 1328
11 1252
8 917
9 850
12 1116
8 882
9 844
10 1107
12 1388
6 649
6 573
9 933
7 710
11 1048
7 494
8 890
8 873
10 1009
8 779
15 1305
10 972
8 697
15 1433
8 679
14 1351
9 841
11 1133
8 725
11 1244
11 911
11 1107
21 2408
11 962
5 566
12 1080
13 1436
11 1178
11 1201
7 786
9 962
5 483
7 710
12 1309
10 1099
5 495
8 914
7 754
8 681
12 1174
9 881
7 820
13 1343
8 798
10 886
6 588
10 1171
6 689
12 1300
10 1038
10 955
13 1351
7 747
11 1195
13 1384
9 857
12 1308
12 1339
12 1476
13 1289
12 1185
13 1228
7 632
9 875
10 1068
6 623
10 1072
15 1773
9 831
11 953
11 995
11 1064
11 934
5 503
14 1261
7 597
10 1014
11 1253
15 1283
12 1289
11 1048
8 849
8 642
12 1049
10 937
7 723
8 735
11 1122
9 864
8 830
15 1368
6 569
14 1653
8 909
8 822
4 413
8 703
14 1321
8 779
7 762
8 881
20 2115
16 1618
9 852
10 1025
11 1119
8 892
9 1027
11 1070
6 570
14 1172
9 894
13 1466
10 809
10 956
10 998
13 1524
4 402
12 1228
11 995
14 1382
11 1029
8 800
11 947
8 780
15 1670
10 1049
5 476
5 488
14 1348
6 607
6 576
8 743
12 1365
9 940
8 730
10 1108
11 1071
11 1172
5 427
7 693
12 1027
8 761
10 1064
13 1317
9 858
9 803
7 659
14 1236
7 765
11 1268
14 1519
8 703
8 787
18 2145
12 1346
9 918
5 466
13 1375
9 864
9 1002
5 421
13 1139
11 1087
15 1626
9 1070
6 674
9 870
4 464
7 581
9 875
7 843
7 802
7 663
6 621
13 1234
8 773
11 1003
16 1481
14 1479
8 900
10 859
10 925
10 1020
11 1014
6 556
11 1239
6 548
14 1405
11 1101
9 910
7 696
9 810
11 1026
14 1573
11 1099
4 326
11 874
6 574
12 1262
7 686
9 1029
8 775
12 1149
8 748
9 935
10 945
8 802
8 750
11 963
12 1120
14 1429
7 803
17 1802
9 923
7 667
8 988
9 850
12 1142
10 1060
9 860
10 1051
16 1536
14 1432
11 1120
8 654
15 1480
12 1417
16 1818
8 693
9 888
8 862
10 1029
8 920
9 1069
8 743
12 1278
7 806
9 893
14 1485
12 1259
17 1745
7 642
8 793
10 1017
10 860
11 1294
10 1034
9 740
11 1158
10 906
5 529
10 1017
8 768
13 1316
4 377
12 1405
19 1856
7 660
10 1013
10 857
9 1000
15 1509
8 762
17 1878
9 1004
12 1068
11 910
8 988
12 1341
8 912
9 921
11 1128
4 368
10 887
8 825
8 803
7 743
10 1055
8 776
14 1454
8 1048
11 1038
9 950
9 851
12 1317
9 931
7 827
7 701
7 803
8 783
10 932
9 1025
9 932
14 1328
11 1078
12 1229
24 2773
10 1115
9 1024
12 1459
7 750
11 1106
17 1721
10 1011
8 761
6 679
10 954
8 825
12 1475
14 1608
7 648
12 1191
12 1212
10 1066
9 960
12 1090
7 693
8 817
10 1080
10 873
7 637
10 883
13 1381
12 1234
8 941
9 840
7 630
11 1179
9 877
8 857
8 861
10 1022
13 1279
10 1003
6 642
7 759
15 1533
11 1173
13 1252
15 1317
3 288
8 1021
7 837
13 1158
12 1049
5 510
8 691
9 942
6 605
9 1081
12 1067
6 631
10 901
3 356
12 883
7 733
11 1078
11 1071
6 576
4 441
8 830
10 1214
14 1314
13 1197
10 1096
12 1261
8 779
5 429
11 1013
12 1083
12 1183
14 1416
14 1510
5 478
12 1129
10 1075
13 1385
10 876
9 831
12 1463
9 875
10 1161
11 1186
6 621
12 1287
11 1196
8 875
9 886
11 1004
10 1081
10 914
4 416
9 829
17 1823
11 1092
10 1081
9 913
1 92
13 1287
12 1048
9 905
14 1403
7 780
9 841
11 892
10 884
9 906
12 1267
8 949
7 701
12 1163
8 928
9 834
11 915
18 1981
7 857
7 837
10 1027
11 1112
9 844
7 817
12 1267
5 488
5 478
4 349
7 600
10 949
8 846
9 869
6 589
17 1478
11 949
12 1006
6 628
7 760
7 656
9 1043
7 631
10 1143
13 1338
11 838
11 1104
5 523
11 1211
10 895
16 1592
9 890
9 891
9 994
8 843
15 1354
12 1362
7 666
9 1037
8 811
8 790
11 1025
5 584
13 979
5 511
9 826
10 838
11 1026
14 1415
8 760
10 1066
9 949
8 871
12 1274
8 942
7 692
8 692
22 2309
9 999
11 945
6 616
14 1501
11 1164
7 694
12 1024
13 1325
12 1151
9 916
11 1127
11 1276
3 278
8 853
10 1083
8 896
11 998
9 873
11 851
16 1325
10 1019
5 424
10 775
10 954
17 1987
4 460
10 983
13 1056
8 662
12 1271
12 1153
17 1421
9 960
14 1383
9 892
9 937
13 1495
9 863
13 1489
7 682
6 602
9 825
9 900
11 1216
14 1370
12 1241
13 1476
12 1291
7 694
17 1355
8 821
9 889
10 944
16 1437
14 1471
6 535
11 1166
8 871
10 961
8 707
11 1095
9 823
13 1371
13 1534
9 887
10 1150
7 750
9 791
9 843
7 705
11 1154
9 884
9 950
6 632
8 825
9 969
10 979
13 1304
8 822
4 382
7 720
12 1121
12 1259
18 2135
6 579
16 1545
10 1062
10 846
12 1174
8 681
14 1161
7 678
15 1223
6 636
9 837
11 1186
11 825
9 885
9 1033
10 899
16 1725
12 1153
8 679
10 1088
12 1286
10 970
10 1015
10 1180
8 932
9 845
9 882
13 1313
9 737
10 900
8 901
11 1116
14 1152
10 1024
16 1396
11 1165
15 1483
6 649
9 751
14 1619
9 836
13 1339
3 252
15 1548
7 586
8 879
9 927
11 919
13 1281
17 1678
13 1229
12 1254
11 1075
11 1017
8 869
2 202
9 825
12 1071
7 698
14 1448
17 1253
10 885
9 739
7 726
15 1515
13 1135
8 840
9 816
11 829
11 1129
12 1299
14 1307
13 1227
18 1780
4 476
6 497
13 1343
5 579
7 704
7 575
12 1267
7 865
13 1526
8 745
10 1071
12 1252
9 870
12 1062
13 1294
8 814
13 1275
10 1125
18 1748
15 1274
8 614
13 1427
10 1043
4 396
12 1236
10 942
15 1404
13 1356
15 1563
14 1126
14 1579
9 919
12 1190
5 458
7 686
11 1019
11 1124
10 1052
7 658
10 1065
10 755
9 953
11 1231
7 639
11 951
10 868
15 1576
9 734
13 1524
8 841
12 1171
7 662
7 699
9 828
9 907
10 1073
16 1903
10 993
6 525
8 780
8 813
16 1677
6 690
12 1309
12 1196
16 1840
12 1241
10 1063
10 877
14 1275
10 973
13 1274
7 678
2 203
8 769
8 946
9 977
15 1373
10 1117
12 1264
4 361
8 764
8 734
8 894
10 967
5 509
9 1004
8 601
10 888
7 781
11 1225
9 890
12 1227
16 1892
3 282
3 234
7 664
8 819
5 497
10 947
12 1068
7 730
8 750
9 865
11 1185
10 976
6 670
6 489
5 475
10 935
13 1184
17 1447
9 887
14 1428
6 497
15 1554
9 754
10 1140
8 770
13 1236
9 940
8 805
13 1399
8 753
9 907
10 1241
11 1106
6 662
10 1080
12 1048
12 1202
9 889
7 825
13 1448
15 1631
13 1450
11 1225
17 1994
2 186
6 508
15 1490
7 743
13 1315
14 1264
4 421
7 652
9 769
9 886
11 968
9 845
7 643
8 678
8 783
9 895
11 1175
8 695
5 471
6 637
13 1236
8 870
4 404
9 1047
9 972
10 994
10 852
11 1050
9 823
4 435
10 928
11 1013
7 674
12 1051
6 550
15 1381
8 742
10 996
8 863
7 702
11 1214
3 265
13 1379
8 792
15 1377
16 1623
12 1256
11 1109
4 357
8 739
9 895
9 943
7 589
6 553
12 1101
12 1278
7 805
8 936
9 875
9 955
10 899
6 727
6 516
12 1170
10 1052
13 1115
12 1114
4 402
13 1254
12 1146
12 1160
12 1161
8 838
9 787
7 877
3 296
2 230
19 2120
10 925
14 1468
12 1201
12 1032
7 684
11 1041
10 996
18 2086
10 991
8 804
10 971
8 723
7 631
8 808
7 758
11 1077
14 1432
13 1099
11 1194
15 1331
10 851
7 691
13 1241
11 1023
11 1210
8 854
9 741
15 1572
8 806
7 638
12 1151
5 454
9 798
11 947
8 706
11 1163
3 298
19 1563
8 818
8 780
6 534
11 1008
11 1211
11 883
9 874
15 1472
15 1594
10 1007
8 863
13 1277
12 1158
10 986
7 659
8 808
12 1049
7 507
6 513
10 803
13 1413
8 822
8 860
8 889
15 1523
7 607
11 1230
5 538
9 883
9 735
12 1189
11 984
11 1280
9 1094
12 1100
9 879
9 796
12 1179
7 666
12 1057
11 1211
8 885
11 1186
7 844
8 684
10 895
12 1283
4 371
11 1295
8 879
10 933
9 897
12 980
8 808
9 1043
9 1070
5 464
10 1079
7 662
11 1050
6 514
9 879
7 605
7 796
10 1157
8 624
16 1644
10 1087
12 1060
7 697
9 815
10 1002
12 1252
8 636
4 395
13 1209
9 984
13 1414
7 765
18 1510
6 598
9 922
10 1008
7 709
13 1245
7 717
9 919
8 704
6 616
10 1034
8 983
13 1367
7 607
7 818
9 935
13 1105
14 1581
10 989
8 827
21 2465
8 742
9 865
13 1418
16 1902
17 1671
14 1517
6 687
10 1072
7 699
8 796
12 1323
12 1324
18 1804
5 558
6 607
11 1200
4 379
13 1368
12 1215
10 1033
14 1613
11 1202
8 698
7 699
18 1718
9 881
16 1670
12 1452
8 663
14 1210
8 728
12 1106
14 1477
6 612
12 1279
16 1564
8 785
11 1105
9 739
9 852
10 906
12 1107
9 856
7 795
12 1144
13 1172
9 969
15 1578
15 1652
13 1213
16 1760
8 804
9 852
14 1602
16 1345
9 837
7 643
17 1861
7 784
6 559
11 1028
7 758
3 326
5 468
3 285
7 580
8 779
3 334
15 1569
13 1053
12 1236
14 1397
10 945
10 950
12 1009
10 871
8 819
10 1073
7 624
11 1088
10 950
10 908
6 536
11 993
13 1325
12 1350
8 741
12 1182
18 2042
14 1446
6 700
5 450
13 1314
11 1144
12 1203
12 1269
11 1106
11 1098
7 538
6 659
7 616
12 1288
6 622
11 961
11 980
6 622
12 1159
7 647
9 846
15 1278
6 570
8 965
12 1053
12 1341
12 1053
13 1364
11 1082
10 1019
11 1073
14 1555
6 460
6 657
9 778
14 1514
11 1041
10 1005
8 806
9 922
8 807
11 1149
9 878
9 954
7 791
7 655
7 738
8 804
11 1036
10 1048
9 870
6 631
5 502
9 857
8 813
11 887
7 763
19 1862
3 265
7 551
11 1215
9 766
15 1754
7 724
10 1131
12 1173
8 840
6 645
11 1248
7 633
12 1320
12 1135
6 652
9 727
17 1802
9 1005
11 897
11 1186
10 857
19 1815
7 638
9 1013
8 787
13 1254
6 582
6 638
12 969
11 1094
13 1341
7 752
11 1061
13 1191
12 1162
13 1216
9 972
14 1562
10 1043
21 1768
8 823
6 665
6 625
8 898
11 1045
11 1179
11 1169
6 603
9 947
10 1106
10 1042
8 751
12 1261
11 1124
7 644
9 993
10 940
10 1019
9 940
10 1093
13 1214
4 438
11 1058
13 1496
17 1793
6 497
12 1256
10 1247
12 1486
5 501
10 1061
15 1584
17 1819
11 994
12 1130
5 494
12 1538
13 1229
11 1190
11 1236
5 451
9 843
7 704
12 1103
8 847
11 1297
13 1210
10 1023
14 1408
9 931
8 791
12 1195
15 1422
9 791
13 1172
12 1179
10 1054
11 1039
4 425
8 955
10 1097
15 1652
6 575
10 1168
13 1348
6 602
9 869
16 1554
8 848
5 572
12 996
9 868
11 998
9 1187
6 568
11 1065
8 809
12 1150
10 896
10 1091
8 841
11 1093
14 1517
4 334
12 1188
12 1359
11 979
6 643
13 1177
9 1047
8 852
5 434
11 958
10 1125
9 840
10 941
8 770
13 1410
9 1013
6 566
8 849
16 1612
12 1140
6 563
9 829
12 1226
14 1502
7 698
6 493
8 762
14 1313
13 1324
9 806
8 721
10 1286
13 1348
7 624
9 975
11 972
10 976
9 815
8 835
9 815
12 1351
7 555
7 840
13 1294
11 938
14 1293
11 1210
9 933
11 936
11 1139
7 778
12 1131
13 1232
11 1048
9 836
12 1200
17 1548
8 767
13 1341
7 682
6 618
11 1048
9 745
5 531
7 737
11 899
19 2242
10 908
11 1182
11 1084
9 956
7 705
10 824
16 1755
12 1196
13 1165
4 422
7 730
7 624
9 809
9 920
10 1048
10 1010
8 604
10 931
8 770
11 915
12 1301
11 1193
6 607
12 1070
6 565
12 1082
8 987
8 898
13 1298
8 830
10 980
9 884
7 736
18 1713
13 1475
12 1088
10 933
11 1049
9 998
11 1082
4 353
7 694
13 1437
9 815
12 1247
13 1384
11 959
9 882
7 677
7 660
15 1532
11 1241
18 1856
10 1190
14 1417
6 524
4 420
12 1047
10 1158
11 1416
8 767
5 562
9 806
13 1037
11 929
10 993
8 830
10 928
9 1060
6 604
4 475
9 947
10 1018
9 940
15 1576
11 1293
6 558
11 1000
8 788
13 1510
14 1452
7 646
7 807
16 1867
7 771
12 1183
3 314
7 709
4 454
5 552
9 741
8 717
4 395
13 1336
10 1181
17 1896
11 1257
8 898
17 1861
14 1318
17 1776
15 1397
12 1186
15 1420
8 825
12 923
7 709
10 1056
11 1185
11 1233
11 1109
5 512
12 1372
9 913
12 1209
10 870
13 1307
10 989
11 1167
15 1598
12 1254
7 594
11 1174
8 751
4 367
12 1320
7 738
12 1079
8 928
4 329
9 886
9 911
9 962
14 1341
10 966
10 962
8 802
7 832
9 854
12 1146
15 1453
9 947
4 441
13 1321
6 645
9 939
8 838
12 1442
12 936
6 650
9 943
11 1032
15 1610
14 1314
8 740
9 886
8 773
16 1714
12 1101
7 785
17 1839
10 1088
12 1196
9 783
14 1602
13 1087
5 488
3 295
11 1065
11 1099
5 441
12 1096
10 1118
11 935
11 1206
13 1482
11 1080
13 1119
3 338
12 1092
13 1340
20 1747
7 793
7 679
9 1032
16 1322
9 926
16 1752
11 956
10 1051
6 577
11 1041
9 989
12 1173
9 938
9 878
3 310
8 729
8 834
9 907
14 1417
8 761
13 1186
8 959
17 1707
9 843
10 970
6 632
13 1035
14 1309
7 671
14 1373
7 775
10 852
11 1057
5 455
9 985
12 1140
9 846
8 903
11 1226
15 1447
15 1409
8 884
9 884
9 935
11 1159
8 712
9 986
12 1221
12 1182
8 796
7 593
8 762
3 261
11 1199
7 647
12 990
8 807
12 1237
12 1280
12 1126
13 1300
7 830
15 1582
3 322
13 1260
10 1121
5 477
8 845
16 1738
11 1023
16 1492
9 929
10 1213
11 1014
6 529
9 907
8 743
8 800
11 983
6 729
13 1191
11 1153
11 1406
6 530
8 875
13 1192
8 859
10 1038
6 584
11 1150
10 1057
18 1613
11 969
11 1084
7 846
10 1058
5 565
8 911
8 589
11 1105
13 1332
13 1458
6 583
6 631
6 637
5 547
14 1399
9 999
8 847
12 1291
8 867
8 835
13 1275
13 1282
12 1362
7 672
16 1525
4 400
5 580
11 1150
7 639
6 580
10 1114
7 662
15 1176
14 1617
6 667
7 722
8 953
6 654
5 559
6 646
14 1622
10 967
6 620
7 619
5 546
13 1252
12 1039
14 1490
8 779
6 630
12 1274
9 734
18 1878
12 1265
11 1043
13 1392
10 1051
12 1104
6 592
6 506
16 1596
10 1182
9 811
12 1285
9 904
15 1271
12 1397
7 653
14 1370
7 751
8 709
7 843
11 1240
7 831
15 1719
7 619
9 1097
17 1673
11 1363
8 890
12 1223
11 1090
13 1426
5 496
11 1052
12 1146
12 1052
7 754
18 1770
9 908
9 876
12 1209
14 1288
7 620
8 742
9 796
12 1133
10 896
11 1234
10 1051
14 1908
8 697
7 612
9 979
6 620
9 913
13 1244
10 1028
14 1435
15 1627
15 1503
12 1056
7 785
9 1014
8 801
12 1259
6 640
2 216
15 1543
9 956
9 854
11 1212
5 462
11 1028
11 972
2 173
8 740
10 1072
9 800
10 835
5 512
17 1843
8 717
6 523
6 620
6 722
10 1000
9 839
8 855
3 252
10 1021
7 778
4 470
14 1083
10 1023
8 782
8 736
9 982
7 671
9 760
11 1200
14 1154
9 877
13 1273
8 736
9 867
6 625
7 777
6 609
11 1225
10 968
9 946
13 1387
7 736
13 1372
9 932
5 490
13 1048
14 1436
5 451
6 501
10 876
3 260
9 887
12 1129
3 320
12 1159
9 916
8 696
10 925
10 1172
7 741
6 645
5 513
14 1324
8 631
10 877
12 1105
6 550
8 933
12 1224
5 533
11 1014
8 880
11 1017
12 1352
6 621
13 1309
5 543
17 1788
9 852
7 601
13 1375
9 865
9 933
12 1213
7 639
17 1745
10 786
10 1110
12 1103
7 570
5 523
9 893
8 787
10 1005
13 1344
7 716
13 1591
14 1195
6 615
9 980
11 1280
11 1227
7 773
8 848
14 1484
10 996
7 651
10 975
12 1260
6 653
6 693
9 959
10 1011
12 1265
7 763
10 1019
8 634
12 1229
3 323
8 869
7 689
13 1544
9 913
5 484
11 1156
11 1027
3 301
15 1802
1 96
11 1030
8 725
13 1275
14 1490
14 1293
12 1298
8 878
12 1205
3 311
13 1284
3 280
12 1002
7 652
7 711
12 1294
11 1117
9 837
13 1305
7 796
9 835
14 1319
6 579
5 578
12 1040
6 587
9 823
5 498
3 295
10 951
15 1590
10 867
