2500
500
14 1054
13 1234
4 405
12 1161
12 1174
11 1099
11 1152
5 473
10 940
8 986
13 1406
11 895
9 1059
11 1236
9 875
10 999
10 971
7 687
5 443
9 928
11 946
6 572
7 596
10 971
10 971
9 865
3 286
7 732
15 1663
13 1416
5 484
14 1377
9 985
11 1169
10 1016
13 1190
11 1088
9 851
5 598
7 586
7 618
5 516
9 775
13 1373
11 1056
10 1014
11 1205
22 1682
8 725
5 479
5 492
6 626
12 1098
9 806
6 584
6 552
9 1019
10 1160
6 662
10 895
9 787
12 1245
11 1000
8 843
7 698
10 1107
9 889
9 875
12 1230
14 1705
8 1047
13 1256
14 1334
5 474
8 917
12 1391
8 805
10 1054
7 790
9 903
9 846
7 756
7 664
10 914
8 968
10 835
12 1108
9 884
14 1424
11 1202
10 917
3 344
11 1306
10 908
12 1233
12 1363
17 1695
15 1574
11 892
7 657
9 982
13 1436
7 644
9 978
8 837
9 1012
9 942
8 711
9 761
8 794
12 1150
11 1123
13 1072
13 1320
8 619
6 446
13 1100
12 1321
5 427
8 805
10 1047
11 986
12 1324
9 774
15 1594
11 863
10 1003
15 1233
12 1440
14 1423
11 1110
9 855
12 1036
10 1002
14 1565
14 1324
5 581
17 1733
12 1262
8 593
8 898
10 900
13 1383
13 1421
7 641
12 1139
10 1049
10 933
9 1056
14 1332
6 558
15 1576
16 1490
10 1147
15 1543
5 583
16 1418
9 865
7 765
6 554
12 998
16 1650
10 959
8 842
8 884
9 1077
3 312
8 936
13 1294
5 444
7 796
11 1043
8 689
13 1402
12 1362
15 1624
13 1265
11 1191
8 934
7 756
10 1080
8 822
7 733
9 828
7 487
9 866
14 1284
10 898
13 1213
10 947
15 1714
10 1129
8 763
6 537
9 916
10 1106
9 723
14 1482
14 1444
9 956
11 1175
10 903
10 964
10 951
8 597
9 929
6 647
13 1406
11 1155
9 979
18 1727
12 1238
9 887
11 1188
13 1409
9 797
8 820
12 1173
9 1049
11 1070
10 1050
5 517
8 714
8 867
4 399
12 1213
14 1476
10 1011
7 617
10 852
7 713
11 973
7 739
7 684
11 1100
11 1099
11 947
7 776
7 695
3 276
12 1108
8 745
10 923
9 1008
16 1769
8 795
7 603
16 1642
10 938
13 1118
8 810
12 1256
7 728
8 861
4 391
10 988
9 1071
14 1328
13 1296
6 544
9 952
10 1038
11 1011
14 1617
9 976
18 1798
13 1251
8 811
3 280
12 1151
12 1153
7 780
13 1268
9 929
6 610
8 853
8 715
7 806
13 1417
9 953
7 882
6 656
8 775
8 843
8 745
10 1015
15 1772
12 1141
10 930
11 1217
9 937
6 612
9 875
7 680
8 880
8 832
11 969
10 1079
16 1506
12 1277
6 587
14 1222
13 1152
10 837
11 1181
8 829
11 1217
8 757
9 946
11 861
17 1566
13 931
9 1066
6 682
6 523
9 885
15 1594
9 956
12 1363
8 650
13 1451
9 705
15 1444
8 944
18 1693
8 842
10 998
8 819
5 441
9 905
9 1009
12 905
11 1085
8 937
9 985
10 1004
7 798
6 653
6 622
11 1273
4 380
9 1006
11 1146
13 1360
6 507
7 736
9 909
9 999
11 1180
8 951
15 1541
6 631
6 539
5 403
15 1542
13 1622
9 932
14 1460
11 1139
12 1025
8 704
14 1311
11 1085
10 1065
6 631
12 1117
8 762
8 767
4 413
8 830
9 900
6 648
14 1325
9 819
9 751
10 1053
11 1113
10 1156
9 980
11 1174
14 1511
9 971
10 782
11 1245
11 1083
6 537
10 1125
7 677
9 826
6 607
9 815
9 981
12 1175
11 1048
12 939
5 478
8 858
11 857
7 729
7 710
7 697
12 1103
9 907
17 1761
10 971
5 463
16 1490
14 1463
10 806
9 960
10 963
6 447
15 1383
4 401
13 1188
10 1010
9 997
8 772
10 1062
12 1227
12 1303
15 1683
14 1602
14 1613
11 1190
10 729
7 836
13 1341
6 604
1 106
12 1201
10 966
7 657
7 771
7 693
5 530
15 1522
13 1194
10 943
12 1218
11 1111
11 1207
12 1354
11 1279
18 1800
5 493
11 1265
7 768
15 1570
12 1329
10 1062
10 1082
7 735
9 1043
9 866
11 1135
12 1212
7 648
18 1921
7 688
7 759
5 505
8 782
7 680
8 728
11 1051
15 1627
6 570
12 1132
13 1219
9 1060
11 1061
8 730
8 828
13 1267
8 777
9 857
8 742
13 1271
9 962
12 1053
12 1307
10 945
9 898
8 713
7 675
13 1574
7 712
14 1383
10 997
11 975
10 912
12 1197
6 578
9 1052
6 611
10 938
6 513
11 919
13 1424
