2000000
500
5722 474088
4856 497800
7996 841547
7372 709937
757 83195
8486 679928
3900 390698
2102 186610
9360 972138
7959 745950
6570 704197
8381 862725
7127 792030
514 56651
8773 860427
2622 276139
6322 700651
1523 151553
1737 196233
1972 203764
5914 708676
1168 108432
5694 668359
7666 858997
2590 247108
3804 374665
5428 493326
1228 131917
4627 384401
9813 1107229
6827 695414
2648 275185
9597 951511
3870 457092
1378 114861
9987 996620
2642 235890
8898 742393
6704 738312
3964 360378
9604 890169
8200 840790
8785 984290
7350 672647
523 59079
4577 493544
8034 766669
5168 544957
6992 498215
8582 944523
6176 674876
3889 420383
1998 195685
625 60124
3080 328578
1125 112760
1492 121527
7855 571352
9082 893329
7777 903500
990 86841
5236 581019
9159 822901
3293 297446
7801 684217
9846 1002575
8109 670570
5464 522807
4266 474798
3808 447132
36 3532
9854 991502
4031 415148
6889 669173
6415 615751
8992 984270
8203 785119
3860 420970
5161 459842
9594 1001488
5023 511517
5652 456546
2954 359849
9106 829244
4276 435018
6982 707234
2566 239655
1341 115949
8559 894959
9545 831731
8718 874424
972 94739
9810 998663
3117 307548
7723 828267
8497 845076
8443 915869
4803 459201
9053 888827
6127 683923
7534 709559
9458 941135
828 86529
2889 255940
8412 856718
4173 407344
3561 333773
7385 731979
6519 678779
4461 601286
9690 984562
443 42290
8479 798371
3130 292157
2710 252385
7675 738186
5759 581454
1185 132897
2262 213869
1693 190979
4407 497351
1939 174353
1957 220990
2848 276880
2234 191496
1487 141360
2113 213541
9864 953146
9078 943932
591 46529
3366 365245
6528 747165
9845 1112855
2846 325584
7173 626570
532 38495
590 62766
4481 478977
5376 517674
7917 669044
9100 895430
50 4520
5270 506624
7752 610766
5300 437500
4137 436405
6329 653183
2519 273040
4795 408006
2669 266684
3659 409542
3890 349859
8995 920963
8520 852468
4365 372786
6422 658692
2737 221236
9153 1030206
4189 414330
4364 472759
759 77053
6688 730066
8531 879022
4511 516929
4241 377569
4854 485179
6083 634903
7692 619704
8993 908135
7191 717828
7702 740615
6783 625531
3060 345236
7167 695294
5779 625983
5035 486423
8246 820597
8690 980176
6978 805436
1960 208150
8558 872457
7461 777185
4696 446343
6007 627487
821 96396
3093 296215
505 48392
4664 391732
1062 98069
5894 670937
643 56553
7648 703763
8135 897374
2111 191501
1301 133196
6873 698020
5582 576341
7944 725394
3560 340679
9847 1101144
4198 444042
9460 1089691
9066 955117
8553 829560
8561 834748
8355 971838
2053 137536
2071 185219
2282 212585
823 72155
9608 882102
145 17110
5678 497887
7768 779043
2624 261382
2868 289670
472 48028
1869 169746
1183 118610
7817 878553
3072 310898
6872 681280
2193 252941
8917 840411
2919 241718
6160 713921
3954 405446
3700 370820
6997 619766
3315 356053
5389 558005
5928 548344
5098 567995
816 93419
1996 188555
8770 760016
4658 502089
8896 869609
7318 652680
8470 995273
4534 478823
7142 814170
6457 616528
2665 262496
6457 760263
9639 958334
1112 105611
4747 480885
4937 532137
2864 343048
2910 346506
6806 639731
7334 768633
10000 795947
9430 954450
5151 476574
1353 108048
7428 656801
639 55211
8565 864747
2575 239176
3977 345319
3249 308283
707 75113
6547 575113
2269 169806
9029 973594
9113 768656
9387 1013983
7562 728339
1936 232662
9586 961353
1459 160390
5370 568059
3606 337464
21 2060
6940 607476
6893 704922
3309 359190
1408 139588
2266 210499
9385 896649
2372 202903
7259 657503
3006 308545
9360 778098
15 1373
6327 695118
7476 706214
1613 159328
9335 1129999
9828 1171309
1696 156955
193 20334
473 47986
7377 665950
9024 924253
5557 598558
2333 221699
3517 341886
6506 570903
7902 746855
9832 847654
7797 588437
3119 274693
5701 628710
7242 769344
8357 476802
7238 627951
321 31881
8985 881081
3802 401611
1321 121235
925 104067
2057 230975
1779 151043
5509 590325
2828 257428
3815 356792
2979 321739
9919 993422
4501 446559
2221 236598
7213 592884
1163 130192
2449 211008
9777 993421
8368 813297
2412 278554
888 100110
5600 537793
2064 192589
7061 644892
462 43423
8810 974954
1183 107896
114 9328
5821 636504
9969 873630
8865 939985
5198 477242
1039 101158
220 24443
5034 469714
3452 393305
6956 697830
741 81250
9643 776712
3015 289815
3475 348946
7257 743205
6355 593603
9590 958292
5923 634575
2121 224642
7348 832420
1002 91130
5171 415648
2535 247962
4762 485924
7155 696235
8821 809208
9660 782169
6825 682739
5415 660293
9286 1092331
4973 545517
2174 205891
5854 581408
4244 418376
1817 166679
7474 570660
4432 429872
4184 439704
5254 498938
9377 1033449
7747 738733
6471 746972
1101 127227
3615 339376
1603 157891
5496 535757
7144 805147
1381 145348
933 96954
138 12807
5455 646922
3244 354375
8868 899915
5090 597902
7841 785311
3567 388585
2524 238958
4164 392958
3506 329000
4054 469269
8403 924087
2584 260752
6504 615542
5460 539083
9595 930374
7940 845833
2267 254979
5888 681306
410 40353
7559 740638
4709 405850
4056 459883
8636 845358
8909 920627
2212 270295
3941 448361
2538 242279
5432 511184
6259 780385
2572 245783
597 55800
3998 332546
8079 865682
2578 220714
4985 528528
9073 1022733
2167 207425
3905 358008
344 34676
1221 117859
3720 359251
6051 695336
291 31169
6495 733078
6156 626294
1941 170140
9658 928031
224 23616
2187 184399
6909 738659
7812 671977
8405 754868
2723 276118
1408 147300
2721 288055
920 90597
9887 920299
878 95024
1624 156319
3196 329107
5237 486218
2784 299334
6815 614258
5209 514328
3152 287678
1083 94779
5241 469105
4616 441298
9303 968910
2968 282867
8747 1032758
5951 581896
3015 281860
202 18166
822 91761
6918 776248
4926 500844
4905 444457
7470 716977
9050 862065
6338 530558
9850 864039
8415 991088
234 26384
8199 830165
162 17885
5381 429666
6952 711562
7546 768963
8141 814670
7707 811902
285 29214
484 57718
780 85984
2784 258616
9294 1081735
2733 243594
7495 820408
3922 418945
442 45512
8992 909669
9770 894370
2120 228136
7 788
5734 519816
4939 467033
2429 255825
1232 114505
3978 394451
6723 631170
9239 974730
6710 630860
1310 131970
7968 836140
