250000
500
570 64956
1964 218908
1412 143651
285 27699
1963 243666
323 29909
1363 142353
420 42736
2143 221718
465 44925
653 66332
1235 132340
547 48899
823 85393
1243 103471
532 50869
603 69923
1148 108811
571 58508
422 36021
855 70202
1546 170201
879 94663
4265 357296
581 62711
1520 152357
622 58612
598 47619
332 36552
2510 232718
1345 151138
1548 170260
315 23255
198 22029
2340 232972
3399 286255
510 51709
482 43807
441 40973
229 20833
136 13229
1176 131069
271 27320
1039 94349
1382 126674
773 69389
734 65975
2845 265252
1449 135594
1630 159341
1371 158191
1658 162139
658 68588
1383 133676
723 85198
721 75215
479 49185
689 73301
314 24980
1109 116247
607 59627
2095 217002
366 37684
831 88773
1167 118029
415 43289
991 97328
1077 122147
659 65667
1473 143700
1844 203507
1343 125888
3823 322387
292 26778
1367 128647
1187 119183
1141 118172
297 34522
758 69658
646 64099
1178 133097
640 59543
466 37192
309 34526
470 54335
984 99535
1292 142244
1467 140775
781 73398
2225 260626
74 8694
4108 346968
285 32685
1270 125829
998 87436
81 8518
206 17333
1627 152390
1021 102096
1176 128345
2351 235272
858 75062
2149 186310
332 29961
1188 113212
734 66108
435 40990
553 55081
798 74618
520 50077
200 20063
833 74070
527 55325
506 45416
2058 185951
958 103881
1359 133269
271 32580
550 50850
1003 104074
826 73187
219 20843
753 85256
878 79944
925 98566
302 31046
1118 107580
1058 94842
1138 130313
1158 115597
806 83858
695 55767
476 47969
2654 302644
1510 136498
932 86022
861 93013
52 5189
865 104862
1149 108675
490 53217
191 19058
1332 149785
1418 133154
636 50343
715 74382
357 34621
212 24071
1155 105523
385 34300
837 78071
3496 322266
853 97846
1359 136646
1169 102027
263 23217
2804 295065
508 60679
340 28852
227 21528
776 67134
1888 183019
386 36181
2146 194877
677 80438
1321 139317
1519 152538
260 24699
375 37499
848 97555
355 29080
420 40853
467 48931
719 58806
136 14757
1167 108159
367 38450
269 26553
364 40851
670 69778
956 86034
2472 283842
562 62499
920 102393
793 92324
165 14519
373 41598
1948 202566
1728 182115
1186 99184
2529 223696
700 68192
551 54065
875 86172
429 37643
1769 170364
200 21579
1092 122280
435 42346
1299 98935
1771 181288
733 57363
734 66913
1311 134727
612 55025
2325 219320
1180 96605
2094 268665
1850 209610
348 33236
1292 128424
2468 279875
1707 171220
539 56873
463 55646
1822 196772
1682 167436
847 88375
1196 115208
1284 140700
352 39049
541 59215
696 61999
78 7972
1641 154733
519 50519
213 18054
413 43410
609 55328
278 25315
373 35435
1169 124256
497 51127
1239 103712
253 23010
263 28411
358 36892
647 55805
969 88961
830 72887
94 7916
736 81256
126 12045
985 103399
848 82542
1070 121109
328 32525
68 6488
558 57873
826 90613
296 33610
1825 195020
1688 169657
1747 167883
1461 142651
1505 132995
1173 104107
1508 139932
658 71216
2760 247203
648 61740
214 20710
777 81624
551 49040
265 23102
6 550
201 20109
846 84841
1250 121289
404 38797
2603 244281
199 22886
505 39956
627 65362
1126 99761
1084 112980
3199 360569
738 70081
320 25056
1308 160827
384 42168
1311 118329
2615 246473
647 73991
1103 118889
2720 288707
321 32130
1056 116468
468 51069
831 83861
673 65503
179 21665
731 67158
1476 140816
558 63651
477 45312
735 80569
954 100464
1070 89515
815 74009
337 35539
3027 292022
1588 150741
1054 112886
1630 159849
1824 167942
251 25050
1012 97600
498 62772
2516 247961
421 36740
475 51600
1014 106673
1263 138728
1761 173999
2455 231247
960 105872
1164 118650
555 50175
469 41052
1823 194525
476 47613
601 62603
217 23364
1262 138981
978 100994
1931 195696
352 31953
897 88984
1926 214992
1500 169107
260 24711
952 103895
306 33249
651 61809
666 72985
1512 160631
324 28617
392 39125
636 66430
845 93568
817 90502
634 70272
1259 115457
164 16433
81 8870
2542 217114
788 79012
2318 245482
3294 302287
359 37285
892 84526
1644 147357
1085 82057
964 93521
1216 130688
1370 142244
1105 106777
346 34333
413 38662
1352 110989
807 80816
919 94545
423 44784
537 46384
342 32019
395 37386
716 76500
593 37513
914 100651
396 36292
758 76055
339 31701
1141 131018
3234 313867
1060 102351
374 42515
1198 133701
359 35669
2577 299135
57 5464
939 76399
1598 180188
910 98440
515 54704
425 40198
1391 141949
350 37239
608 43123
427 39039
802 80486
1073 112318
501 55841
1248 107793
86 8972
1700 181614
964 95048
1035 99592
1991 174338
280 28433
338 26668
1292 135623
357 34833
1845 181301
2165 225542
1885 195438
799 79472
1086 99835
242 23798
1002 100145
714 78164
1295 130290
2417 232989
1119 99940
1621 142335
516 46355
874 102413
469 48970
87 7830
1430 157949
377 32819
225 24422
710 71002
760 82865
1395 127039
353 37177
1833 183339
413 36660
257 26468
1239 131142
2652 303704
806 100632
1351 153581
3313 323420
2298 216480
827 81999
703 77722
840 89012
421 40336
447 39199
2431 275103
456 37112
561 50334
950 91246
1228 119498
2648 276125
835 78017
932 89931
1359 148770
258 23867
626 56863
375 33071
1128 117208
955 105560
404 31180
1312 119814
892 88420
387 31980
831 67787
1134 132901
69 6108
288 32484
1369 116441
1634 148440
1409 169115
633 58948
640 62665
512 48794
251 23130
710 64149
1296 134593
798 84267
1565 142886
1332 135346
321 31464
2665 276198
801 79488
454 56568
402 49529
768 81304
275 23261
3158 354713
855 91737
521 50771
610 51963
1318 77416
1206 101980
915 94236
248 19906
641 58119
1713 173605
2318 263896
388 32597
1082 105479
1560 171291
1007 107395
925 105203
826 85755
707 64684
1135 116506
